cpu_data
               DateTime  CPU_Usage  Disk_Usage
0   2024-01-01 00:00:00         22          17
1   2024-01-01 01:00:00         23          27
2   2024-01-01 02:00:00         20          28
3   2024-01-01 03:00:00         27          11
4   2024-01-01 04:00:00         21          11
..                  ...        ...         ...
163 2024-01-07 19:00:00         23          10
164 2024-01-07 20:00:00         26          22
165 2024-01-07 21:00:00         25          13
166 2024-01-07 22:00:00         27          11
167 2024-01-07 23:00:00         21          25

[168 rows x 3 columns]


cpu_values
[[22]
 [23]
 [20]
 [27]
 [21]
 [21]
 [21]
 [24]
 [34]
 [83]
 [82]
 [83]
 [83]
 [87]
 [39]
 [32]
 [27]
 [27]
 [29]
 [23]
 [20]
 [21]
 [21]
 [27]
 [26]
 [21]
 [21]
 [26]
 [21]
 [26]
 [29]
 [23]
 [30]
 [81]
 [81]
 [83]
 [84]
 [81]
 [39]
 [38]
 [27]
 [25]
 [23]
 [28]
 [29]
 [20]
 [25]
 [22]
 [24]
 [26]
 [20]
 [28]
 [26]
 [22]
 [25]
 [27]
 [34]
 [83]
 [87]
 [88]
 [83]
 [86]
 [39]
 [37]
 [27]
 [29]
 [20]
 [21]
 [26]
 [20]
 [20]
 [22]
 [20]
 [28]
 [26]
 [25]
 [23]
 [24]
 [25]
 [26]
 [34]
 [84]
 [82]
 [82]
 [83]
 [80]
 [37]
 [36]
 [20]
 [22]
 [29]
 [28]
 [25]
 [20]
 [25]
 [24]
 [24]
 [26]
 [25]
 [23]
 [24]
 [29]
 [28]
 [27]
 [34]
 [89]
 [81]
 [85]
 [84]
 [84]
 [32]
 [31]
 [26]
 [29]
 [28]
 [26]
 [21]
 [22]
 [24]
 [23]
 [28]
 [25]
 [21]
 [21]
 [24]
 [22]
 [20]
 [24]
 [33]
 [88]
 [86]
 [82]
 [86]
 [80]
 [31]
 [31]
 [28]
 [23]
 [25]
 [25]
 [20]
 [26]
 [22]
 [25]
 [20]
 [27]
 [20]
 [27]
 [21]
 [24]
 [26]
 [26]
 [38]
 [80]
 [86]
 [86]
 [86]
 [88]
 [35]
 [38]
 [25]
 [24]
 [25]
 [23]
 [26]
 [25]
 [27]
 [21]]


scaler
MinMaxScaler()


cpu_values_scaled
[[0.02898551]
 [0.04347826]
 [0.        ]
 [0.10144928]
 [0.01449275]
 [0.01449275]
 [0.01449275]
 [0.05797101]
 [0.20289855]
 [0.91304348]
 [0.89855072]
 [0.91304348]
 [0.91304348]
 [0.97101449]
 [0.27536232]
 [0.17391304]
 [0.10144928]
 [0.10144928]
 [0.13043478]
 [0.04347826]
 [0.        ]
 [0.01449275]
 [0.01449275]
 [0.10144928]
 [0.08695652]
 [0.01449275]
 [0.01449275]
 [0.08695652]
 [0.01449275]
 [0.08695652]
 [0.13043478]
 [0.04347826]
 [0.14492754]
 [0.88405797]
 [0.88405797]
 [0.91304348]
 [0.92753623]
 [0.88405797]
 [0.27536232]
 [0.26086957]
 [0.10144928]
 [0.07246377]
 [0.04347826]
 [0.11594203]
 [0.13043478]
 [0.        ]
 [0.07246377]
 [0.02898551]
 [0.05797101]
 [0.08695652]
 [0.        ]
 [0.11594203]
 [0.08695652]
 [0.02898551]
 [0.07246377]
 [0.10144928]
 [0.20289855]
 [0.91304348]
 [0.97101449]
 [0.98550725]
 [0.91304348]
 [0.95652174]
 [0.27536232]
 [0.24637681]
 [0.10144928]
 [0.13043478]
 [0.        ]
 [0.01449275]
 [0.08695652]
 [0.        ]
 [0.        ]
 [0.02898551]
 [0.        ]
 [0.11594203]
 [0.08695652]
 [0.07246377]
 [0.04347826]
 [0.05797101]
 [0.07246377]
 [0.08695652]
 [0.20289855]
 [0.92753623]
 [0.89855072]
 [0.89855072]
 [0.91304348]
 [0.86956522]
 [0.24637681]
 [0.23188406]
 [0.        ]
 [0.02898551]
 [0.13043478]
 [0.11594203]
 [0.07246377]
 [0.        ]
 [0.07246377]
 [0.05797101]
 [0.05797101]
 [0.08695652]
 [0.07246377]
 [0.04347826]
 [0.05797101]
 [0.13043478]
 [0.11594203]
 [0.10144928]
 [0.20289855]
 [1.        ]
 [0.88405797]
 [0.94202899]
 [0.92753623]
 [0.92753623]
 [0.17391304]
 [0.15942029]
 [0.08695652]
 [0.13043478]
 [0.11594203]
 [0.08695652]
 [0.01449275]
 [0.02898551]
 [0.05797101]
 [0.04347826]
 [0.11594203]
 [0.07246377]
 [0.01449275]
 [0.01449275]
 [0.05797101]
 [0.02898551]
 [0.        ]
 [0.05797101]
 [0.1884058 ]
 [0.98550725]
 [0.95652174]
 [0.89855072]
 [0.95652174]
 [0.86956522]
 [0.15942029]
 [0.15942029]
 [0.11594203]
 [0.04347826]
 [0.07246377]
 [0.07246377]
 [0.        ]
 [0.08695652]
 [0.02898551]
 [0.07246377]
 [0.        ]
 [0.10144928]
 [0.        ]
 [0.10144928]
 [0.01449275]
 [0.05797101]
 [0.08695652]
 [0.08695652]
 [0.26086957]
 [0.86956522]
 [0.95652174]
 [0.95652174]
 [0.95652174]
 [0.98550725]
 [0.2173913 ]
 [0.26086957]
 [0.07246377]
 [0.05797101]
 [0.07246377]
 [0.04347826]
 [0.08695652]
 [0.07246377]
 [0.10144928]
 [0.01449275]]


X
[array([[0.02898551],
       [0.04347826],
       [0.        ],
       [0.10144928],
       [0.01449275],
       [0.01449275],
       [0.01449275],
       [0.05797101],
       [0.20289855],
       [0.91304348],
       [0.89855072],
       [0.91304348],
       [0.91304348],
       [0.97101449],
       [0.27536232],
       [0.17391304],
       [0.10144928],
       [0.10144928],
       [0.13043478],
       [0.04347826],
       [0.        ],
       [0.01449275],
       [0.01449275],
       [0.10144928]]), array([[0.04347826],
       [0.        ],
       [0.10144928],
       [0.01449275],
       [0.01449275],
       [0.01449275],
       [0.05797101],
       [0.20289855],
       [0.91304348],
       [0.89855072],
       [0.91304348],
       [0.91304348],
       [0.97101449],
       [0.27536232],
       [0.17391304],
       [0.10144928],
       [0.10144928],
       [0.13043478],
       [0.04347826],
       [0.        ],
       [0.01449275],
       [0.01449275],
       [0.10144928],
       [0.08695652]]), array([[0.        ],
       [0.10144928],
       [0.01449275],
       [0.01449275],
       [0.01449275],
       [0.05797101],
       [0.20289855],
       [0.91304348],
       [0.89855072],
       [0.91304348],
       [0.91304348],
       [0.97101449],
       [0.27536232],
       [0.17391304],
       [0.10144928],
       [0.10144928],
       [0.13043478],
       [0.04347826],
       [0.        ],
       [0.01449275],
       [0.01449275],
       [0.10144928],
       [0.08695652],
       [0.01449275]]), array([[0.10144928],
       [0.01449275],
       [0.01449275],
       [0.01449275],
       [0.05797101],
       [0.20289855],
       [0.91304348],
       [0.89855072],
       [0.91304348],
       [0.91304348],
       [0.97101449],
       [0.27536232],
       [0.17391304],
       [0.10144928],
       [0.10144928],
       [0.13043478],
       [0.04347826],
       [0.        ],
       [0.01449275],
       [0.01449275],
       [0.10144928],
       [0.08695652],
       [0.01449275],
       [0.01449275]]), array([[0.01449275],
       [0.01449275],
       [0.01449275],
       [0.05797101],
       [0.20289855],
       [0.91304348],
       [0.89855072],
       [0.91304348],
       [0.91304348],
       [0.97101449],
       [0.27536232],
       [0.17391304],
       [0.10144928],
       [0.10144928],
       [0.13043478],
       [0.04347826],
       [0.        ],
       [0.01449275],
       [0.01449275],
       [0.10144928],
       [0.08695652],
       [0.01449275],
       [0.01449275],
       [0.08695652]]), array([[0.01449275],
       [0.01449275],
       [0.05797101],
       [0.20289855],
       [0.91304348],
       [0.89855072],
       [0.91304348],
       [0.91304348],
       [0.97101449],
       [0.27536232],
       [0.17391304],
       [0.10144928],
       [0.10144928],
       [0.13043478],
       [0.04347826],
       [0.        ],
       [0.01449275],
       [0.01449275],
       [0.10144928],
       [0.08695652],
       [0.01449275],
       [0.01449275],
       [0.08695652],
       [0.01449275]]), array([[0.01449275],
       [0.05797101],
       [0.20289855],
       [0.91304348],
       [0.89855072],
       [0.91304348],
       [0.91304348],
       [0.97101449],
       [0.27536232],
       [0.17391304],
       [0.10144928],
       [0.10144928],
       [0.13043478],
       [0.04347826],
       [0.        ],
       [0.01449275],
       [0.01449275],
       [0.10144928],
       [0.08695652],
       [0.01449275],
       [0.01449275],
       [0.08695652],
       [0.01449275],
       [0.08695652]]), array([[0.05797101],
       [0.20289855],
       [0.91304348],
       [0.89855072],
       [0.91304348],
       [0.91304348],
       [0.97101449],
       [0.27536232],
       [0.17391304],
       [0.10144928],
       [0.10144928],
       [0.13043478],
       [0.04347826],
       [0.        ],
       [0.01449275],
       [0.01449275],
       [0.10144928],
       [0.08695652],
       [0.01449275],
       [0.01449275],
       [0.08695652],
       [0.01449275],
       [0.08695652],
       [0.13043478]]), array([[0.20289855],
       [0.91304348],
       [0.89855072],
       [0.91304348],
       [0.91304348],
       [0.97101449],
       [0.27536232],
       [0.17391304],
       [0.10144928],
       [0.10144928],
       [0.13043478],
       [0.04347826],
       [0.        ],
       [0.01449275],
       [0.01449275],
       [0.10144928],
       [0.08695652],
       [0.01449275],
       [0.01449275],
       [0.08695652],
       [0.01449275],
       [0.08695652],
       [0.13043478],
       [0.04347826]]), array([[0.91304348],
       [0.89855072],
       [0.91304348],
       [0.91304348],
       [0.97101449],
       [0.27536232],
       [0.17391304],
       [0.10144928],
       [0.10144928],
       [0.13043478],
       [0.04347826],
       [0.        ],
       [0.01449275],
       [0.01449275],
       [0.10144928],
       [0.08695652],
       [0.01449275],
       [0.01449275],
       [0.08695652],
       [0.01449275],
       [0.08695652],
       [0.13043478],
       [0.04347826],
       [0.14492754]]), array([[0.89855072],
       [0.91304348],
       [0.91304348],
       [0.97101449],
       [0.27536232],
       [0.17391304],
       [0.10144928],
       [0.10144928],
       [0.13043478],
       [0.04347826],
       [0.        ],
       [0.01449275],
       [0.01449275],
       [0.10144928],
       [0.08695652],
       [0.01449275],
       [0.01449275],
       [0.08695652],
       [0.01449275],
       [0.08695652],
       [0.13043478],
       [0.04347826],
       [0.14492754],
       [0.88405797]]), array([[0.91304348],
       [0.91304348],
       [0.97101449],
       [0.27536232],
       [0.17391304],
       [0.10144928],
       [0.10144928],
       [0.13043478],
       [0.04347826],
       [0.        ],
       [0.01449275],
       [0.01449275],
       [0.10144928],
       [0.08695652],
       [0.01449275],
       [0.01449275],
       [0.08695652],
       [0.01449275],
       [0.08695652],
       [0.13043478],
       [0.04347826],
       [0.14492754],
       [0.88405797],
       [0.88405797]]), array([[0.91304348],
       [0.97101449],
       [0.27536232],
       [0.17391304],
       [0.10144928],
       [0.10144928],
       [0.13043478],
       [0.04347826],
       [0.        ],
       [0.01449275],
       [0.01449275],
       [0.10144928],
       [0.08695652],
       [0.01449275],
       [0.01449275],
       [0.08695652],
       [0.01449275],
       [0.08695652],
       [0.13043478],
       [0.04347826],
       [0.14492754],
       [0.88405797],
       [0.88405797],
       [0.91304348]]), array([[0.97101449],
       [0.27536232],
       [0.17391304],
       [0.10144928],
       [0.10144928],
       [0.13043478],
       [0.04347826],
       [0.        ],
       [0.01449275],
       [0.01449275],
       [0.10144928],
       [0.08695652],
       [0.01449275],
       [0.01449275],
       [0.08695652],
       [0.01449275],
       [0.08695652],
       [0.13043478],
       [0.04347826],
       [0.14492754],
       [0.88405797],
       [0.88405797],
       [0.91304348],
       [0.92753623]]), array([[0.27536232],
       [0.17391304],
       [0.10144928],
       [0.10144928],
       [0.13043478],
       [0.04347826],
       [0.        ],
       [0.01449275],
       [0.01449275],
       [0.10144928],
       [0.08695652],
       [0.01449275],
       [0.01449275],
       [0.08695652],
       [0.01449275],
       [0.08695652],
       [0.13043478],
       [0.04347826],
       [0.14492754],
       [0.88405797],
       [0.88405797],
       [0.91304348],
       [0.92753623],
       [0.88405797]]), array([[0.17391304],
       [0.10144928],
       [0.10144928],
       [0.13043478],
       [0.04347826],
       [0.        ],
       [0.01449275],
       [0.01449275],
       [0.10144928],
       [0.08695652],
       [0.01449275],
       [0.01449275],
       [0.08695652],
       [0.01449275],
       [0.08695652],
       [0.13043478],
       [0.04347826],
       [0.14492754],
       [0.88405797],
       [0.88405797],
       [0.91304348],
       [0.92753623],
       [0.88405797],
       [0.27536232]]), array([[0.10144928],
       [0.10144928],
       [0.13043478],
       [0.04347826],
       [0.        ],
       [0.01449275],
       [0.01449275],
       [0.10144928],
       [0.08695652],
       [0.01449275],
       [0.01449275],
       [0.08695652],
       [0.01449275],
       [0.08695652],
       [0.13043478],
       [0.04347826],
       [0.14492754],
       [0.88405797],
       [0.88405797],
       [0.91304348],
       [0.92753623],
       [0.88405797],
       [0.27536232],
       [0.26086957]]), array([[0.10144928],
       [0.13043478],
       [0.04347826],
       [0.        ],
       [0.01449275],
       [0.01449275],
       [0.10144928],
       [0.08695652],
       [0.01449275],
       [0.01449275],
       [0.08695652],
       [0.01449275],
       [0.08695652],
       [0.13043478],
       [0.04347826],
       [0.14492754],
       [0.88405797],
       [0.88405797],
       [0.91304348],
       [0.92753623],
       [0.88405797],
       [0.27536232],
       [0.26086957],
       [0.10144928]]), array([[0.13043478],
       [0.04347826],
       [0.        ],
       [0.01449275],
       [0.01449275],
       [0.10144928],
       [0.08695652],
       [0.01449275],
       [0.01449275],
       [0.08695652],
       [0.01449275],
       [0.08695652],
       [0.13043478],
       [0.04347826],
       [0.14492754],
       [0.88405797],
       [0.88405797],
       [0.91304348],
       [0.92753623],
       [0.88405797],
       [0.27536232],
       [0.26086957],
       [0.10144928],
       [0.07246377]]), array([[0.04347826],
       [0.        ],
       [0.01449275],
       [0.01449275],
       [0.10144928],
       [0.08695652],
       [0.01449275],
       [0.01449275],
       [0.08695652],
       [0.01449275],
       [0.08695652],
       [0.13043478],
       [0.04347826],
       [0.14492754],
       [0.88405797],
       [0.88405797],
       [0.91304348],
       [0.92753623],
       [0.88405797],
       [0.27536232],
       [0.26086957],
       [0.10144928],
       [0.07246377],
       [0.04347826]]), array([[0.        ],
       [0.01449275],
       [0.01449275],
       [0.10144928],
       [0.08695652],
       [0.01449275],
       [0.01449275],
       [0.08695652],
       [0.01449275],
       [0.08695652],
       [0.13043478],
       [0.04347826],
       [0.14492754],
       [0.88405797],
       [0.88405797],
       [0.91304348],
       [0.92753623],
       [0.88405797],
       [0.27536232],
       [0.26086957],
       [0.10144928],
       [0.07246377],
       [0.04347826],
       [0.11594203]]), array([[0.01449275],
       [0.01449275],
       [0.10144928],
       [0.08695652],
       [0.01449275],
       [0.01449275],
       [0.08695652],
       [0.01449275],
       [0.08695652],
       [0.13043478],
       [0.04347826],
       [0.14492754],
       [0.88405797],
       [0.88405797],
       [0.91304348],
       [0.92753623],
       [0.88405797],
       [0.27536232],
       [0.26086957],
       [0.10144928],
       [0.07246377],
       [0.04347826],
       [0.11594203],
       [0.13043478]]), array([[0.01449275],
       [0.10144928],
       [0.08695652],
       [0.01449275],
       [0.01449275],
       [0.08695652],
       [0.01449275],
       [0.08695652],
       [0.13043478],
       [0.04347826],
       [0.14492754],
       [0.88405797],
       [0.88405797],
       [0.91304348],
       [0.92753623],
       [0.88405797],
       [0.27536232],
       [0.26086957],
       [0.10144928],
       [0.07246377],
       [0.04347826],
       [0.11594203],
       [0.13043478],
       [0.        ]]), array([[0.10144928],
       [0.08695652],
       [0.01449275],
       [0.01449275],
       [0.08695652],
       [0.01449275],
       [0.08695652],
       [0.13043478],
       [0.04347826],
       [0.14492754],
       [0.88405797],
       [0.88405797],
       [0.91304348],
       [0.92753623],
       [0.88405797],
       [0.27536232],
       [0.26086957],
       [0.10144928],
       [0.07246377],
       [0.04347826],
       [0.11594203],
       [0.13043478],
       [0.        ],
       [0.07246377]]), array([[0.08695652],
       [0.01449275],
       [0.01449275],
       [0.08695652],
       [0.01449275],
       [0.08695652],
       [0.13043478],
       [0.04347826],
       [0.14492754],
       [0.88405797],
       [0.88405797],
       [0.91304348],
       [0.92753623],
       [0.88405797],
       [0.27536232],
       [0.26086957],
       [0.10144928],
       [0.07246377],
       [0.04347826],
       [0.11594203],
       [0.13043478],
       [0.        ],
       [0.07246377],
       [0.02898551]]), array([[0.01449275],
       [0.01449275],
       [0.08695652],
       [0.01449275],
       [0.08695652],
       [0.13043478],
       [0.04347826],
       [0.14492754],
       [0.88405797],
       [0.88405797],
       [0.91304348],
       [0.92753623],
       [0.88405797],
       [0.27536232],
       [0.26086957],
       [0.10144928],
       [0.07246377],
       [0.04347826],
       [0.11594203],
       [0.13043478],
       [0.        ],
       [0.07246377],
       [0.02898551],
       [0.05797101]]), array([[0.01449275],
       [0.08695652],
       [0.01449275],
       [0.08695652],
       [0.13043478],
       [0.04347826],
       [0.14492754],
       [0.88405797],
       [0.88405797],
       [0.91304348],
       [0.92753623],
       [0.88405797],
       [0.27536232],
       [0.26086957],
       [0.10144928],
       [0.07246377],
       [0.04347826],
       [0.11594203],
       [0.13043478],
       [0.        ],
       [0.07246377],
       [0.02898551],
       [0.05797101],
       [0.08695652]]), array([[0.08695652],
       [0.01449275],
       [0.08695652],
       [0.13043478],
       [0.04347826],
       [0.14492754],
       [0.88405797],
       [0.88405797],
       [0.91304348],
       [0.92753623],
       [0.88405797],
       [0.27536232],
       [0.26086957],
       [0.10144928],
       [0.07246377],
       [0.04347826],
       [0.11594203],
       [0.13043478],
       [0.        ],
       [0.07246377],
       [0.02898551],
       [0.05797101],
       [0.08695652],
       [0.        ]]), array([[0.01449275],
       [0.08695652],
       [0.13043478],
       [0.04347826],
       [0.14492754],
       [0.88405797],
       [0.88405797],
       [0.91304348],
       [0.92753623],
       [0.88405797],
       [0.27536232],
       [0.26086957],
       [0.10144928],
       [0.07246377],
       [0.04347826],
       [0.11594203],
       [0.13043478],
       [0.        ],
       [0.07246377],
       [0.02898551],
       [0.05797101],
       [0.08695652],
       [0.        ],
       [0.11594203]]), array([[0.08695652],
       [0.13043478],
       [0.04347826],
       [0.14492754],
       [0.88405797],
       [0.88405797],
       [0.91304348],
       [0.92753623],
       [0.88405797],
       [0.27536232],
       [0.26086957],
       [0.10144928],
       [0.07246377],
       [0.04347826],
       [0.11594203],
       [0.13043478],
       [0.        ],
       [0.07246377],
       [0.02898551],
       [0.05797101],
       [0.08695652],
       [0.        ],
       [0.11594203],
       [0.08695652]]), array([[0.13043478],
       [0.04347826],
       [0.14492754],
       [0.88405797],
       [0.88405797],
       [0.91304348],
       [0.92753623],
       [0.88405797],
       [0.27536232],
       [0.26086957],
       [0.10144928],
       [0.07246377],
       [0.04347826],
       [0.11594203],
       [0.13043478],
       [0.        ],
       [0.07246377],
       [0.02898551],
       [0.05797101],
       [0.08695652],
       [0.        ],
       [0.11594203],
       [0.08695652],
       [0.02898551]]), array([[0.04347826],
       [0.14492754],
       [0.88405797],
       [0.88405797],
       [0.91304348],
       [0.92753623],
       [0.88405797],
       [0.27536232],
       [0.26086957],
       [0.10144928],
       [0.07246377],
       [0.04347826],
       [0.11594203],
       [0.13043478],
       [0.        ],
       [0.07246377],
       [0.02898551],
       [0.05797101],
       [0.08695652],
       [0.        ],
       [0.11594203],
       [0.08695652],
       [0.02898551],
       [0.07246377]]), array([[0.14492754],
       [0.88405797],
       [0.88405797],
       [0.91304348],
       [0.92753623],
       [0.88405797],
       [0.27536232],
       [0.26086957],
       [0.10144928],
       [0.07246377],
       [0.04347826],
       [0.11594203],
       [0.13043478],
       [0.        ],
       [0.07246377],
       [0.02898551],
       [0.05797101],
       [0.08695652],
       [0.        ],
       [0.11594203],
       [0.08695652],
       [0.02898551],
       [0.07246377],
       [0.10144928]]), array([[0.88405797],
       [0.88405797],
       [0.91304348],
       [0.92753623],
       [0.88405797],
       [0.27536232],
       [0.26086957],
       [0.10144928],
       [0.07246377],
       [0.04347826],
       [0.11594203],
       [0.13043478],
       [0.        ],
       [0.07246377],
       [0.02898551],
       [0.05797101],
       [0.08695652],
       [0.        ],
       [0.11594203],
       [0.08695652],
       [0.02898551],
       [0.07246377],
       [0.10144928],
       [0.20289855]]), array([[0.88405797],
       [0.91304348],
       [0.92753623],
       [0.88405797],
       [0.27536232],
       [0.26086957],
       [0.10144928],
       [0.07246377],
       [0.04347826],
       [0.11594203],
       [0.13043478],
       [0.        ],
       [0.07246377],
       [0.02898551],
       [0.05797101],
       [0.08695652],
       [0.        ],
       [0.11594203],
       [0.08695652],
       [0.02898551],
       [0.07246377],
       [0.10144928],
       [0.20289855],
       [0.91304348]]), array([[0.91304348],
       [0.92753623],
       [0.88405797],
       [0.27536232],
       [0.26086957],
       [0.10144928],
       [0.07246377],
       [0.04347826],
       [0.11594203],
       [0.13043478],
       [0.        ],
       [0.07246377],
       [0.02898551],
       [0.05797101],
       [0.08695652],
       [0.        ],
       [0.11594203],
       [0.08695652],
       [0.02898551],
       [0.07246377],
       [0.10144928],
       [0.20289855],
       [0.91304348],
       [0.97101449]]), array([[0.92753623],
       [0.88405797],
       [0.27536232],
       [0.26086957],
       [0.10144928],
       [0.07246377],
       [0.04347826],
       [0.11594203],
       [0.13043478],
       [0.        ],
       [0.07246377],
       [0.02898551],
       [0.05797101],
       [0.08695652],
       [0.        ],
       [0.11594203],
       [0.08695652],
       [0.02898551],
       [0.07246377],
       [0.10144928],
       [0.20289855],
       [0.91304348],
       [0.97101449],
       [0.98550725]]), array([[0.88405797],
       [0.27536232],
       [0.26086957],
       [0.10144928],
       [0.07246377],
       [0.04347826],
       [0.11594203],
       [0.13043478],
       [0.        ],
       [0.07246377],
       [0.02898551],
       [0.05797101],
       [0.08695652],
       [0.        ],
       [0.11594203],
       [0.08695652],
       [0.02898551],
       [0.07246377],
       [0.10144928],
       [0.20289855],
       [0.91304348],
       [0.97101449],
       [0.98550725],
       [0.91304348]]), array([[0.27536232],
       [0.26086957],
       [0.10144928],
       [0.07246377],
       [0.04347826],
       [0.11594203],
       [0.13043478],
       [0.        ],
       [0.07246377],
       [0.02898551],
       [0.05797101],
       [0.08695652],
       [0.        ],
       [0.11594203],
       [0.08695652],
       [0.02898551],
       [0.07246377],
       [0.10144928],
       [0.20289855],
       [0.91304348],
       [0.97101449],
       [0.98550725],
       [0.91304348],
       [0.95652174]]), array([[0.26086957],
       [0.10144928],
       [0.07246377],
       [0.04347826],
       [0.11594203],
       [0.13043478],
       [0.        ],
       [0.07246377],
       [0.02898551],
       [0.05797101],
       [0.08695652],
       [0.        ],
       [0.11594203],
       [0.08695652],
       [0.02898551],
       [0.07246377],
       [0.10144928],
       [0.20289855],
       [0.91304348],
       [0.97101449],
       [0.98550725],
       [0.91304348],
       [0.95652174],
       [0.27536232]]), array([[0.10144928],
       [0.07246377],
       [0.04347826],
       [0.11594203],
       [0.13043478],
       [0.        ],
       [0.07246377],
       [0.02898551],
       [0.05797101],
       [0.08695652],
       [0.        ],
       [0.11594203],
       [0.08695652],
       [0.02898551],
       [0.07246377],
       [0.10144928],
       [0.20289855],
       [0.91304348],
       [0.97101449],
       [0.98550725],
       [0.91304348],
       [0.95652174],
       [0.27536232],
       [0.24637681]]), array([[0.07246377],
       [0.04347826],
       [0.11594203],
       [0.13043478],
       [0.        ],
       [0.07246377],
       [0.02898551],
       [0.05797101],
       [0.08695652],
       [0.        ],
       [0.11594203],
       [0.08695652],
       [0.02898551],
       [0.07246377],
       [0.10144928],
       [0.20289855],
       [0.91304348],
       [0.97101449],
       [0.98550725],
       [0.91304348],
       [0.95652174],
       [0.27536232],
       [0.24637681],
       [0.10144928]]), array([[0.04347826],
       [0.11594203],
       [0.13043478],
       [0.        ],
       [0.07246377],
       [0.02898551],
       [0.05797101],
       [0.08695652],
       [0.        ],
       [0.11594203],
       [0.08695652],
       [0.02898551],
       [0.07246377],
       [0.10144928],
       [0.20289855],
       [0.91304348],
       [0.97101449],
       [0.98550725],
       [0.91304348],
       [0.95652174],
       [0.27536232],
       [0.24637681],
       [0.10144928],
       [0.13043478]]), array([[0.11594203],
       [0.13043478],
       [0.        ],
       [0.07246377],
       [0.02898551],
       [0.05797101],
       [0.08695652],
       [0.        ],
       [0.11594203],
       [0.08695652],
       [0.02898551],
       [0.07246377],
       [0.10144928],
       [0.20289855],
       [0.91304348],
       [0.97101449],
       [0.98550725],
       [0.91304348],
       [0.95652174],
       [0.27536232],
       [0.24637681],
       [0.10144928],
       [0.13043478],
       [0.        ]]), array([[0.13043478],
       [0.        ],
       [0.07246377],
       [0.02898551],
       [0.05797101],
       [0.08695652],
       [0.        ],
       [0.11594203],
       [0.08695652],
       [0.02898551],
       [0.07246377],
       [0.10144928],
       [0.20289855],
       [0.91304348],
       [0.97101449],
       [0.98550725],
       [0.91304348],
       [0.95652174],
       [0.27536232],
       [0.24637681],
       [0.10144928],
       [0.13043478],
       [0.        ],
       [0.01449275]]), array([[0.        ],
       [0.07246377],
       [0.02898551],
       [0.05797101],
       [0.08695652],
       [0.        ],
       [0.11594203],
       [0.08695652],
       [0.02898551],
       [0.07246377],
       [0.10144928],
       [0.20289855],
       [0.91304348],
       [0.97101449],
       [0.98550725],
       [0.91304348],
       [0.95652174],
       [0.27536232],
       [0.24637681],
       [0.10144928],
       [0.13043478],
       [0.        ],
       [0.01449275],
       [0.08695652]]), array([[0.07246377],
       [0.02898551],
       [0.05797101],
       [0.08695652],
       [0.        ],
       [0.11594203],
       [0.08695652],
       [0.02898551],
       [0.07246377],
       [0.10144928],
       [0.20289855],
       [0.91304348],
       [0.97101449],
       [0.98550725],
       [0.91304348],
       [0.95652174],
       [0.27536232],
       [0.24637681],
       [0.10144928],
       [0.13043478],
       [0.        ],
       [0.01449275],
       [0.08695652],
       [0.        ]]), array([[0.02898551],
       [0.05797101],
       [0.08695652],
       [0.        ],
       [0.11594203],
       [0.08695652],
       [0.02898551],
       [0.07246377],
       [0.10144928],
       [0.20289855],
       [0.91304348],
       [0.97101449],
       [0.98550725],
       [0.91304348],
       [0.95652174],
       [0.27536232],
       [0.24637681],
       [0.10144928],
       [0.13043478],
       [0.        ],
       [0.01449275],
       [0.08695652],
       [0.        ],
       [0.        ]]), array([[0.05797101],
       [0.08695652],
       [0.        ],
       [0.11594203],
       [0.08695652],
       [0.02898551],
       [0.07246377],
       [0.10144928],
       [0.20289855],
       [0.91304348],
       [0.97101449],
       [0.98550725],
       [0.91304348],
       [0.95652174],
       [0.27536232],
       [0.24637681],
       [0.10144928],
       [0.13043478],
       [0.        ],
       [0.01449275],
       [0.08695652],
       [0.        ],
       [0.        ],
       [0.02898551]]), array([[0.08695652],
       [0.        ],
       [0.11594203],
       [0.08695652],
       [0.02898551],
       [0.07246377],
       [0.10144928],
       [0.20289855],
       [0.91304348],
       [0.97101449],
       [0.98550725],
       [0.91304348],
       [0.95652174],
       [0.27536232],
       [0.24637681],
       [0.10144928],
       [0.13043478],
       [0.        ],
       [0.01449275],
       [0.08695652],
       [0.        ],
       [0.        ],
       [0.02898551],
       [0.        ]]), array([[0.        ],
       [0.11594203],
       [0.08695652],
       [0.02898551],
       [0.07246377],
       [0.10144928],
       [0.20289855],
       [0.91304348],
       [0.97101449],
       [0.98550725],
       [0.91304348],
       [0.95652174],
       [0.27536232],
       [0.24637681],
       [0.10144928],
       [0.13043478],
       [0.        ],
       [0.01449275],
       [0.08695652],
       [0.        ],
       [0.        ],
       [0.02898551],
       [0.        ],
       [0.11594203]]), array([[0.11594203],
       [0.08695652],
       [0.02898551],
       [0.07246377],
       [0.10144928],
       [0.20289855],
       [0.91304348],
       [0.97101449],
       [0.98550725],
       [0.91304348],
       [0.95652174],
       [0.27536232],
       [0.24637681],
       [0.10144928],
       [0.13043478],
       [0.        ],
       [0.01449275],
       [0.08695652],
       [0.        ],
       [0.        ],
       [0.02898551],
       [0.        ],
       [0.11594203],
       [0.08695652]]), array([[0.08695652],
       [0.02898551],
       [0.07246377],
       [0.10144928],
       [0.20289855],
       [0.91304348],
       [0.97101449],
       [0.98550725],
       [0.91304348],
       [0.95652174],
       [0.27536232],
       [0.24637681],
       [0.10144928],
       [0.13043478],
       [0.        ],
       [0.01449275],
       [0.08695652],
       [0.        ],
       [0.        ],
       [0.02898551],
       [0.        ],
       [0.11594203],
       [0.08695652],
       [0.07246377]]), array([[0.02898551],
       [0.07246377],
       [0.10144928],
       [0.20289855],
       [0.91304348],
       [0.97101449],
       [0.98550725],
       [0.91304348],
       [0.95652174],
       [0.27536232],
       [0.24637681],
       [0.10144928],
       [0.13043478],
       [0.        ],
       [0.01449275],
       [0.08695652],
       [0.        ],
       [0.        ],
       [0.02898551],
       [0.        ],
       [0.11594203],
       [0.08695652],
       [0.07246377],
       [0.04347826]]), array([[0.07246377],
       [0.10144928],
       [0.20289855],
       [0.91304348],
       [0.97101449],
       [0.98550725],
       [0.91304348],
       [0.95652174],
       [0.27536232],
       [0.24637681],
       [0.10144928],
       [0.13043478],
       [0.        ],
       [0.01449275],
       [0.08695652],
       [0.        ],
       [0.        ],
       [0.02898551],
       [0.        ],
       [0.11594203],
       [0.08695652],
       [0.07246377],
       [0.04347826],
       [0.05797101]]), array([[0.10144928],
       [0.20289855],
       [0.91304348],
       [0.97101449],
       [0.98550725],
       [0.91304348],
       [0.95652174],
       [0.27536232],
       [0.24637681],
       [0.10144928],
       [0.13043478],
       [0.        ],
       [0.01449275],
       [0.08695652],
       [0.        ],
       [0.        ],
       [0.02898551],
       [0.        ],
       [0.11594203],
       [0.08695652],
       [0.07246377],
       [0.04347826],
       [0.05797101],
       [0.07246377]]), array([[0.20289855],
       [0.91304348],
       [0.97101449],
       [0.98550725],
       [0.91304348],
       [0.95652174],
       [0.27536232],
       [0.24637681],
       [0.10144928],
       [0.13043478],
       [0.        ],
       [0.01449275],
       [0.08695652],
       [0.        ],
       [0.        ],
       [0.02898551],
       [0.        ],
       [0.11594203],
       [0.08695652],
       [0.07246377],
       [0.04347826],
       [0.05797101],
       [0.07246377],
       [0.08695652]]), array([[0.91304348],
       [0.97101449],
       [0.98550725],
       [0.91304348],
       [0.95652174],
       [0.27536232],
       [0.24637681],
       [0.10144928],
       [0.13043478],
       [0.        ],
       [0.01449275],
       [0.08695652],
       [0.        ],
       [0.        ],
       [0.02898551],
       [0.        ],
       [0.11594203],
       [0.08695652],
       [0.07246377],
       [0.04347826],
       [0.05797101],
       [0.07246377],
       [0.08695652],
       [0.20289855]]), array([[0.97101449],
       [0.98550725],
       [0.91304348],
       [0.95652174],
       [0.27536232],
       [0.24637681],
       [0.10144928],
       [0.13043478],
       [0.        ],
       [0.01449275],
       [0.08695652],
       [0.        ],
       [0.        ],
       [0.02898551],
       [0.        ],
       [0.11594203],
       [0.08695652],
       [0.07246377],
       [0.04347826],
       [0.05797101],
       [0.07246377],
       [0.08695652],
       [0.20289855],
       [0.92753623]]), array([[0.98550725],
       [0.91304348],
       [0.95652174],
       [0.27536232],
       [0.24637681],
       [0.10144928],
       [0.13043478],
       [0.        ],
       [0.01449275],
       [0.08695652],
       [0.        ],
       [0.        ],
       [0.02898551],
       [0.        ],
       [0.11594203],
       [0.08695652],
       [0.07246377],
       [0.04347826],
       [0.05797101],
       [0.07246377],
       [0.08695652],
       [0.20289855],
       [0.92753623],
       [0.89855072]]), array([[0.91304348],
       [0.95652174],
       [0.27536232],
       [0.24637681],
       [0.10144928],
       [0.13043478],
       [0.        ],
       [0.01449275],
       [0.08695652],
       [0.        ],
       [0.        ],
       [0.02898551],
       [0.        ],
       [0.11594203],
       [0.08695652],
       [0.07246377],
       [0.04347826],
       [0.05797101],
       [0.07246377],
       [0.08695652],
       [0.20289855],
       [0.92753623],
       [0.89855072],
       [0.89855072]]), array([[0.95652174],
       [0.27536232],
       [0.24637681],
       [0.10144928],
       [0.13043478],
       [0.        ],
       [0.01449275],
       [0.08695652],
       [0.        ],
       [0.        ],
       [0.02898551],
       [0.        ],
       [0.11594203],
       [0.08695652],
       [0.07246377],
       [0.04347826],
       [0.05797101],
       [0.07246377],
       [0.08695652],
       [0.20289855],
       [0.92753623],
       [0.89855072],
       [0.89855072],
       [0.91304348]]), array([[0.27536232],
       [0.24637681],
       [0.10144928],
       [0.13043478],
       [0.        ],
       [0.01449275],
       [0.08695652],
       [0.        ],
       [0.        ],
       [0.02898551],
       [0.        ],
       [0.11594203],
       [0.08695652],
       [0.07246377],
       [0.04347826],
       [0.05797101],
       [0.07246377],
       [0.08695652],
       [0.20289855],
       [0.92753623],
       [0.89855072],
       [0.89855072],
       [0.91304348],
       [0.86956522]]), array([[0.24637681],
       [0.10144928],
       [0.13043478],
       [0.        ],
       [0.01449275],
       [0.08695652],
       [0.        ],
       [0.        ],
       [0.02898551],
       [0.        ],
       [0.11594203],
       [0.08695652],
       [0.07246377],
       [0.04347826],
       [0.05797101],
       [0.07246377],
       [0.08695652],
       [0.20289855],
       [0.92753623],
       [0.89855072],
       [0.89855072],
       [0.91304348],
       [0.86956522],
       [0.24637681]]), array([[0.10144928],
       [0.13043478],
       [0.        ],
       [0.01449275],
       [0.08695652],
       [0.        ],
       [0.        ],
       [0.02898551],
       [0.        ],
       [0.11594203],
       [0.08695652],
       [0.07246377],
       [0.04347826],
       [0.05797101],
       [0.07246377],
       [0.08695652],
       [0.20289855],
       [0.92753623],
       [0.89855072],
       [0.89855072],
       [0.91304348],
       [0.86956522],
       [0.24637681],
       [0.23188406]]), array([[0.13043478],
       [0.        ],
       [0.01449275],
       [0.08695652],
       [0.        ],
       [0.        ],
       [0.02898551],
       [0.        ],
       [0.11594203],
       [0.08695652],
       [0.07246377],
       [0.04347826],
       [0.05797101],
       [0.07246377],
       [0.08695652],
       [0.20289855],
       [0.92753623],
       [0.89855072],
       [0.89855072],
       [0.91304348],
       [0.86956522],
       [0.24637681],
       [0.23188406],
       [0.        ]]), array([[0.        ],
       [0.01449275],
       [0.08695652],
       [0.        ],
       [0.        ],
       [0.02898551],
       [0.        ],
       [0.11594203],
       [0.08695652],
       [0.07246377],
       [0.04347826],
       [0.05797101],
       [0.07246377],
       [0.08695652],
       [0.20289855],
       [0.92753623],
       [0.89855072],
       [0.89855072],
       [0.91304348],
       [0.86956522],
       [0.24637681],
       [0.23188406],
       [0.        ],
       [0.02898551]]), array([[0.01449275],
       [0.08695652],
       [0.        ],
       [0.        ],
       [0.02898551],
       [0.        ],
       [0.11594203],
       [0.08695652],
       [0.07246377],
       [0.04347826],
       [0.05797101],
       [0.07246377],
       [0.08695652],
       [0.20289855],
       [0.92753623],
       [0.89855072],
       [0.89855072],
       [0.91304348],
       [0.86956522],
       [0.24637681],
       [0.23188406],
       [0.        ],
       [0.02898551],
       [0.13043478]]), array([[0.08695652],
       [0.        ],
       [0.        ],
       [0.02898551],
       [0.        ],
       [0.11594203],
       [0.08695652],
       [0.07246377],
       [0.04347826],
       [0.05797101],
       [0.07246377],
       [0.08695652],
       [0.20289855],
       [0.92753623],
       [0.89855072],
       [0.89855072],
       [0.91304348],
       [0.86956522],
       [0.24637681],
       [0.23188406],
       [0.        ],
       [0.02898551],
       [0.13043478],
       [0.11594203]]), array([[0.        ],
       [0.        ],
       [0.02898551],
       [0.        ],
       [0.11594203],
       [0.08695652],
       [0.07246377],
       [0.04347826],
       [0.05797101],
       [0.07246377],
       [0.08695652],
       [0.20289855],
       [0.92753623],
       [0.89855072],
       [0.89855072],
       [0.91304348],
       [0.86956522],
       [0.24637681],
       [0.23188406],
       [0.        ],
       [0.02898551],
       [0.13043478],
       [0.11594203],
       [0.07246377]]), array([[0.        ],
       [0.02898551],
       [0.        ],
       [0.11594203],
       [0.08695652],
       [0.07246377],
       [0.04347826],
       [0.05797101],
       [0.07246377],
       [0.08695652],
       [0.20289855],
       [0.92753623],
       [0.89855072],
       [0.89855072],
       [0.91304348],
       [0.86956522],
       [0.24637681],
       [0.23188406],
       [0.        ],
       [0.02898551],
       [0.13043478],
       [0.11594203],
       [0.07246377],
       [0.        ]]), array([[0.02898551],
       [0.        ],
       [0.11594203],
       [0.08695652],
       [0.07246377],
       [0.04347826],
       [0.05797101],
       [0.07246377],
       [0.08695652],
       [0.20289855],
       [0.92753623],
       [0.89855072],
       [0.89855072],
       [0.91304348],
       [0.86956522],
       [0.24637681],
       [0.23188406],
       [0.        ],
       [0.02898551],
       [0.13043478],
       [0.11594203],
       [0.07246377],
       [0.        ],
       [0.07246377]]), array([[0.        ],
       [0.11594203],
       [0.08695652],
       [0.07246377],
       [0.04347826],
       [0.05797101],
       [0.07246377],
       [0.08695652],
       [0.20289855],
       [0.92753623],
       [0.89855072],
       [0.89855072],
       [0.91304348],
       [0.86956522],
       [0.24637681],
       [0.23188406],
       [0.        ],
       [0.02898551],
       [0.13043478],
       [0.11594203],
       [0.07246377],
       [0.        ],
       [0.07246377],
       [0.05797101]]), array([[0.11594203],
       [0.08695652],
       [0.07246377],
       [0.04347826],
       [0.05797101],
       [0.07246377],
       [0.08695652],
       [0.20289855],
       [0.92753623],
       [0.89855072],
       [0.89855072],
       [0.91304348],
       [0.86956522],
       [0.24637681],
       [0.23188406],
       [0.        ],
       [0.02898551],
       [0.13043478],
       [0.11594203],
       [0.07246377],
       [0.        ],
       [0.07246377],
       [0.05797101],
       [0.05797101]]), array([[0.08695652],
       [0.07246377],
       [0.04347826],
       [0.05797101],
       [0.07246377],
       [0.08695652],
       [0.20289855],
       [0.92753623],
       [0.89855072],
       [0.89855072],
       [0.91304348],
       [0.86956522],
       [0.24637681],
       [0.23188406],
       [0.        ],
       [0.02898551],
       [0.13043478],
       [0.11594203],
       [0.07246377],
       [0.        ],
       [0.07246377],
       [0.05797101],
       [0.05797101],
       [0.08695652]]), array([[0.07246377],
       [0.04347826],
       [0.05797101],
       [0.07246377],
       [0.08695652],
       [0.20289855],
       [0.92753623],
       [0.89855072],
       [0.89855072],
       [0.91304348],
       [0.86956522],
       [0.24637681],
       [0.23188406],
       [0.        ],
       [0.02898551],
       [0.13043478],
       [0.11594203],
       [0.07246377],
       [0.        ],
       [0.07246377],
       [0.05797101],
       [0.05797101],
       [0.08695652],
       [0.07246377]]), array([[0.04347826],
       [0.05797101],
       [0.07246377],
       [0.08695652],
       [0.20289855],
       [0.92753623],
       [0.89855072],
       [0.89855072],
       [0.91304348],
       [0.86956522],
       [0.24637681],
       [0.23188406],
       [0.        ],
       [0.02898551],
       [0.13043478],
       [0.11594203],
       [0.07246377],
       [0.        ],
       [0.07246377],
       [0.05797101],
       [0.05797101],
       [0.08695652],
       [0.07246377],
       [0.04347826]]), array([[0.05797101],
       [0.07246377],
       [0.08695652],
       [0.20289855],
       [0.92753623],
       [0.89855072],
       [0.89855072],
       [0.91304348],
       [0.86956522],
       [0.24637681],
       [0.23188406],
       [0.        ],
       [0.02898551],
       [0.13043478],
       [0.11594203],
       [0.07246377],
       [0.        ],
       [0.07246377],
       [0.05797101],
       [0.05797101],
       [0.08695652],
       [0.07246377],
       [0.04347826],
       [0.05797101]]), array([[0.07246377],
       [0.08695652],
       [0.20289855],
       [0.92753623],
       [0.89855072],
       [0.89855072],
       [0.91304348],
       [0.86956522],
       [0.24637681],
       [0.23188406],
       [0.        ],
       [0.02898551],
       [0.13043478],
       [0.11594203],
       [0.07246377],
       [0.        ],
       [0.07246377],
       [0.05797101],
       [0.05797101],
       [0.08695652],
       [0.07246377],
       [0.04347826],
       [0.05797101],
       [0.13043478]]), array([[0.08695652],
       [0.20289855],
       [0.92753623],
       [0.89855072],
       [0.89855072],
       [0.91304348],
       [0.86956522],
       [0.24637681],
       [0.23188406],
       [0.        ],
       [0.02898551],
       [0.13043478],
       [0.11594203],
       [0.07246377],
       [0.        ],
       [0.07246377],
       [0.05797101],
       [0.05797101],
       [0.08695652],
       [0.07246377],
       [0.04347826],
       [0.05797101],
       [0.13043478],
       [0.11594203]]), array([[0.20289855],
       [0.92753623],
       [0.89855072],
       [0.89855072],
       [0.91304348],
       [0.86956522],
       [0.24637681],
       [0.23188406],
       [0.        ],
       [0.02898551],
       [0.13043478],
       [0.11594203],
       [0.07246377],
       [0.        ],
       [0.07246377],
       [0.05797101],
       [0.05797101],
       [0.08695652],
       [0.07246377],
       [0.04347826],
       [0.05797101],
       [0.13043478],
       [0.11594203],
       [0.10144928]]), array([[0.92753623],
       [0.89855072],
       [0.89855072],
       [0.91304348],
       [0.86956522],
       [0.24637681],
       [0.23188406],
       [0.        ],
       [0.02898551],
       [0.13043478],
       [0.11594203],
       [0.07246377],
       [0.        ],
       [0.07246377],
       [0.05797101],
       [0.05797101],
       [0.08695652],
       [0.07246377],
       [0.04347826],
       [0.05797101],
       [0.13043478],
       [0.11594203],
       [0.10144928],
       [0.20289855]]), array([[0.89855072],
       [0.89855072],
       [0.91304348],
       [0.86956522],
       [0.24637681],
       [0.23188406],
       [0.        ],
       [0.02898551],
       [0.13043478],
       [0.11594203],
       [0.07246377],
       [0.        ],
       [0.07246377],
       [0.05797101],
       [0.05797101],
       [0.08695652],
       [0.07246377],
       [0.04347826],
       [0.05797101],
       [0.13043478],
       [0.11594203],
       [0.10144928],
       [0.20289855],
       [1.        ]]), array([[0.89855072],
       [0.91304348],
       [0.86956522],
       [0.24637681],
       [0.23188406],
       [0.        ],
       [0.02898551],
       [0.13043478],
       [0.11594203],
       [0.07246377],
       [0.        ],
       [0.07246377],
       [0.05797101],
       [0.05797101],
       [0.08695652],
       [0.07246377],
       [0.04347826],
       [0.05797101],
       [0.13043478],
       [0.11594203],
       [0.10144928],
       [0.20289855],
       [1.        ],
       [0.88405797]]), array([[0.91304348],
       [0.86956522],
       [0.24637681],
       [0.23188406],
       [0.        ],
       [0.02898551],
       [0.13043478],
       [0.11594203],
       [0.07246377],
       [0.        ],
       [0.07246377],
       [0.05797101],
       [0.05797101],
       [0.08695652],
       [0.07246377],
       [0.04347826],
       [0.05797101],
       [0.13043478],
       [0.11594203],
       [0.10144928],
       [0.20289855],
       [1.        ],
       [0.88405797],
       [0.94202899]]), array([[0.86956522],
       [0.24637681],
       [0.23188406],
       [0.        ],
       [0.02898551],
       [0.13043478],
       [0.11594203],
       [0.07246377],
       [0.        ],
       [0.07246377],
       [0.05797101],
       [0.05797101],
       [0.08695652],
       [0.07246377],
       [0.04347826],
       [0.05797101],
       [0.13043478],
       [0.11594203],
       [0.10144928],
       [0.20289855],
       [1.        ],
       [0.88405797],
       [0.94202899],
       [0.92753623]]), array([[0.24637681],
       [0.23188406],
       [0.        ],
       [0.02898551],
       [0.13043478],
       [0.11594203],
       [0.07246377],
       [0.        ],
       [0.07246377],
       [0.05797101],
       [0.05797101],
       [0.08695652],
       [0.07246377],
       [0.04347826],
       [0.05797101],
       [0.13043478],
       [0.11594203],
       [0.10144928],
       [0.20289855],
       [1.        ],
       [0.88405797],
       [0.94202899],
       [0.92753623],
       [0.92753623]]), array([[0.23188406],
       [0.        ],
       [0.02898551],
       [0.13043478],
       [0.11594203],
       [0.07246377],
       [0.        ],
       [0.07246377],
       [0.05797101],
       [0.05797101],
       [0.08695652],
       [0.07246377],
       [0.04347826],
       [0.05797101],
       [0.13043478],
       [0.11594203],
       [0.10144928],
       [0.20289855],
       [1.        ],
       [0.88405797],
       [0.94202899],
       [0.92753623],
       [0.92753623],
       [0.17391304]]), array([[0.        ],
       [0.02898551],
       [0.13043478],
       [0.11594203],
       [0.07246377],
       [0.        ],
       [0.07246377],
       [0.05797101],
       [0.05797101],
       [0.08695652],
       [0.07246377],
       [0.04347826],
       [0.05797101],
       [0.13043478],
       [0.11594203],
       [0.10144928],
       [0.20289855],
       [1.        ],
       [0.88405797],
       [0.94202899],
       [0.92753623],
       [0.92753623],
       [0.17391304],
       [0.15942029]]), array([[0.02898551],
       [0.13043478],
       [0.11594203],
       [0.07246377],
       [0.        ],
       [0.07246377],
       [0.05797101],
       [0.05797101],
       [0.08695652],
       [0.07246377],
       [0.04347826],
       [0.05797101],
       [0.13043478],
       [0.11594203],
       [0.10144928],
       [0.20289855],
       [1.        ],
       [0.88405797],
       [0.94202899],
       [0.92753623],
       [0.92753623],
       [0.17391304],
       [0.15942029],
       [0.08695652]]), array([[0.13043478],
       [0.11594203],
       [0.07246377],
       [0.        ],
       [0.07246377],
       [0.05797101],
       [0.05797101],
       [0.08695652],
       [0.07246377],
       [0.04347826],
       [0.05797101],
       [0.13043478],
       [0.11594203],
       [0.10144928],
       [0.20289855],
       [1.        ],
       [0.88405797],
       [0.94202899],
       [0.92753623],
       [0.92753623],
       [0.17391304],
       [0.15942029],
       [0.08695652],
       [0.13043478]]), array([[0.11594203],
       [0.07246377],
       [0.        ],
       [0.07246377],
       [0.05797101],
       [0.05797101],
       [0.08695652],
       [0.07246377],
       [0.04347826],
       [0.05797101],
       [0.13043478],
       [0.11594203],
       [0.10144928],
       [0.20289855],
       [1.        ],
       [0.88405797],
       [0.94202899],
       [0.92753623],
       [0.92753623],
       [0.17391304],
       [0.15942029],
       [0.08695652],
       [0.13043478],
       [0.11594203]]), array([[0.07246377],
       [0.        ],
       [0.07246377],
       [0.05797101],
       [0.05797101],
       [0.08695652],
       [0.07246377],
       [0.04347826],
       [0.05797101],
       [0.13043478],
       [0.11594203],
       [0.10144928],
       [0.20289855],
       [1.        ],
       [0.88405797],
       [0.94202899],
       [0.92753623],
       [0.92753623],
       [0.17391304],
       [0.15942029],
       [0.08695652],
       [0.13043478],
       [0.11594203],
       [0.08695652]]), array([[0.        ],
       [0.07246377],
       [0.05797101],
       [0.05797101],
       [0.08695652],
       [0.07246377],
       [0.04347826],
       [0.05797101],
       [0.13043478],
       [0.11594203],
       [0.10144928],
       [0.20289855],
       [1.        ],
       [0.88405797],
       [0.94202899],
       [0.92753623],
       [0.92753623],
       [0.17391304],
       [0.15942029],
       [0.08695652],
       [0.13043478],
       [0.11594203],
       [0.08695652],
       [0.01449275]]), array([[0.07246377],
       [0.05797101],
       [0.05797101],
       [0.08695652],
       [0.07246377],
       [0.04347826],
       [0.05797101],
       [0.13043478],
       [0.11594203],
       [0.10144928],
       [0.20289855],
       [1.        ],
       [0.88405797],
       [0.94202899],
       [0.92753623],
       [0.92753623],
       [0.17391304],
       [0.15942029],
       [0.08695652],
       [0.13043478],
       [0.11594203],
       [0.08695652],
       [0.01449275],
       [0.02898551]]), array([[0.05797101],
       [0.05797101],
       [0.08695652],
       [0.07246377],
       [0.04347826],
       [0.05797101],
       [0.13043478],
       [0.11594203],
       [0.10144928],
       [0.20289855],
       [1.        ],
       [0.88405797],
       [0.94202899],
       [0.92753623],
       [0.92753623],
       [0.17391304],
       [0.15942029],
       [0.08695652],
       [0.13043478],
       [0.11594203],
       [0.08695652],
       [0.01449275],
       [0.02898551],
       [0.05797101]]), array([[0.05797101],
       [0.08695652],
       [0.07246377],
       [0.04347826],
       [0.05797101],
       [0.13043478],
       [0.11594203],
       [0.10144928],
       [0.20289855],
       [1.        ],
       [0.88405797],
       [0.94202899],
       [0.92753623],
       [0.92753623],
       [0.17391304],
       [0.15942029],
       [0.08695652],
       [0.13043478],
       [0.11594203],
       [0.08695652],
       [0.01449275],
       [0.02898551],
       [0.05797101],
       [0.04347826]]), array([[0.08695652],
       [0.07246377],
       [0.04347826],
       [0.05797101],
       [0.13043478],
       [0.11594203],
       [0.10144928],
       [0.20289855],
       [1.        ],
       [0.88405797],
       [0.94202899],
       [0.92753623],
       [0.92753623],
       [0.17391304],
       [0.15942029],
       [0.08695652],
       [0.13043478],
       [0.11594203],
       [0.08695652],
       [0.01449275],
       [0.02898551],
       [0.05797101],
       [0.04347826],
       [0.11594203]]), array([[0.07246377],
       [0.04347826],
       [0.05797101],
       [0.13043478],
       [0.11594203],
       [0.10144928],
       [0.20289855],
       [1.        ],
       [0.88405797],
       [0.94202899],
       [0.92753623],
       [0.92753623],
       [0.17391304],
       [0.15942029],
       [0.08695652],
       [0.13043478],
       [0.11594203],
       [0.08695652],
       [0.01449275],
       [0.02898551],
       [0.05797101],
       [0.04347826],
       [0.11594203],
       [0.07246377]]), array([[0.04347826],
       [0.05797101],
       [0.13043478],
       [0.11594203],
       [0.10144928],
       [0.20289855],
       [1.        ],
       [0.88405797],
       [0.94202899],
       [0.92753623],
       [0.92753623],
       [0.17391304],
       [0.15942029],
       [0.08695652],
       [0.13043478],
       [0.11594203],
       [0.08695652],
       [0.01449275],
       [0.02898551],
       [0.05797101],
       [0.04347826],
       [0.11594203],
       [0.07246377],
       [0.01449275]]), array([[0.05797101],
       [0.13043478],
       [0.11594203],
       [0.10144928],
       [0.20289855],
       [1.        ],
       [0.88405797],
       [0.94202899],
       [0.92753623],
       [0.92753623],
       [0.17391304],
       [0.15942029],
       [0.08695652],
       [0.13043478],
       [0.11594203],
       [0.08695652],
       [0.01449275],
       [0.02898551],
       [0.05797101],
       [0.04347826],
       [0.11594203],
       [0.07246377],
       [0.01449275],
       [0.01449275]]), array([[0.13043478],
       [0.11594203],
       [0.10144928],
       [0.20289855],
       [1.        ],
       [0.88405797],
       [0.94202899],
       [0.92753623],
       [0.92753623],
       [0.17391304],
       [0.15942029],
       [0.08695652],
       [0.13043478],
       [0.11594203],
       [0.08695652],
       [0.01449275],
       [0.02898551],
       [0.05797101],
       [0.04347826],
       [0.11594203],
       [0.07246377],
       [0.01449275],
       [0.01449275],
       [0.05797101]]), array([[0.11594203],
       [0.10144928],
       [0.20289855],
       [1.        ],
       [0.88405797],
       [0.94202899],
       [0.92753623],
       [0.92753623],
       [0.17391304],
       [0.15942029],
       [0.08695652],
       [0.13043478],
       [0.11594203],
       [0.08695652],
       [0.01449275],
       [0.02898551],
       [0.05797101],
       [0.04347826],
       [0.11594203],
       [0.07246377],
       [0.01449275],
       [0.01449275],
       [0.05797101],
       [0.02898551]]), array([[0.10144928],
       [0.20289855],
       [1.        ],
       [0.88405797],
       [0.94202899],
       [0.92753623],
       [0.92753623],
       [0.17391304],
       [0.15942029],
       [0.08695652],
       [0.13043478],
       [0.11594203],
       [0.08695652],
       [0.01449275],
       [0.02898551],
       [0.05797101],
       [0.04347826],
       [0.11594203],
       [0.07246377],
       [0.01449275],
       [0.01449275],
       [0.05797101],
       [0.02898551],
       [0.        ]]), array([[0.20289855],
       [1.        ],
       [0.88405797],
       [0.94202899],
       [0.92753623],
       [0.92753623],
       [0.17391304],
       [0.15942029],
       [0.08695652],
       [0.13043478],
       [0.11594203],
       [0.08695652],
       [0.01449275],
       [0.02898551],
       [0.05797101],
       [0.04347826],
       [0.11594203],
       [0.07246377],
       [0.01449275],
       [0.01449275],
       [0.05797101],
       [0.02898551],
       [0.        ],
       [0.05797101]]), array([[1.        ],
       [0.88405797],
       [0.94202899],
       [0.92753623],
       [0.92753623],
       [0.17391304],
       [0.15942029],
       [0.08695652],
       [0.13043478],
       [0.11594203],
       [0.08695652],
       [0.01449275],
       [0.02898551],
       [0.05797101],
       [0.04347826],
       [0.11594203],
       [0.07246377],
       [0.01449275],
       [0.01449275],
       [0.05797101],
       [0.02898551],
       [0.        ],
       [0.05797101],
       [0.1884058 ]]), array([[0.88405797],
       [0.94202899],
       [0.92753623],
       [0.92753623],
       [0.17391304],
       [0.15942029],
       [0.08695652],
       [0.13043478],
       [0.11594203],
       [0.08695652],
       [0.01449275],
       [0.02898551],
       [0.05797101],
       [0.04347826],
       [0.11594203],
       [0.07246377],
       [0.01449275],
       [0.01449275],
       [0.05797101],
       [0.02898551],
       [0.        ],
       [0.05797101],
       [0.1884058 ],
       [0.98550725]]), array([[0.94202899],
       [0.92753623],
       [0.92753623],
       [0.17391304],
       [0.15942029],
       [0.08695652],
       [0.13043478],
       [0.11594203],
       [0.08695652],
       [0.01449275],
       [0.02898551],
       [0.05797101],
       [0.04347826],
       [0.11594203],
       [0.07246377],
       [0.01449275],
       [0.01449275],
       [0.05797101],
       [0.02898551],
       [0.        ],
       [0.05797101],
       [0.1884058 ],
       [0.98550725],
       [0.95652174]]), array([[0.92753623],
       [0.92753623],
       [0.17391304],
       [0.15942029],
       [0.08695652],
       [0.13043478],
       [0.11594203],
       [0.08695652],
       [0.01449275],
       [0.02898551],
       [0.05797101],
       [0.04347826],
       [0.11594203],
       [0.07246377],
       [0.01449275],
       [0.01449275],
       [0.05797101],
       [0.02898551],
       [0.        ],
       [0.05797101],
       [0.1884058 ],
       [0.98550725],
       [0.95652174],
       [0.89855072]]), array([[0.92753623],
       [0.17391304],
       [0.15942029],
       [0.08695652],
       [0.13043478],
       [0.11594203],
       [0.08695652],
       [0.01449275],
       [0.02898551],
       [0.05797101],
       [0.04347826],
       [0.11594203],
       [0.07246377],
       [0.01449275],
       [0.01449275],
       [0.05797101],
       [0.02898551],
       [0.        ],
       [0.05797101],
       [0.1884058 ],
       [0.98550725],
       [0.95652174],
       [0.89855072],
       [0.95652174]]), array([[0.17391304],
       [0.15942029],
       [0.08695652],
       [0.13043478],
       [0.11594203],
       [0.08695652],
       [0.01449275],
       [0.02898551],
       [0.05797101],
       [0.04347826],
       [0.11594203],
       [0.07246377],
       [0.01449275],
       [0.01449275],
       [0.05797101],
       [0.02898551],
       [0.        ],
       [0.05797101],
       [0.1884058 ],
       [0.98550725],
       [0.95652174],
       [0.89855072],
       [0.95652174],
       [0.86956522]]), array([[0.15942029],
       [0.08695652],
       [0.13043478],
       [0.11594203],
       [0.08695652],
       [0.01449275],
       [0.02898551],
       [0.05797101],
       [0.04347826],
       [0.11594203],
       [0.07246377],
       [0.01449275],
       [0.01449275],
       [0.05797101],
       [0.02898551],
       [0.        ],
       [0.05797101],
       [0.1884058 ],
       [0.98550725],
       [0.95652174],
       [0.89855072],
       [0.95652174],
       [0.86956522],
       [0.15942029]]), array([[0.08695652],
       [0.13043478],
       [0.11594203],
       [0.08695652],
       [0.01449275],
       [0.02898551],
       [0.05797101],
       [0.04347826],
       [0.11594203],
       [0.07246377],
       [0.01449275],
       [0.01449275],
       [0.05797101],
       [0.02898551],
       [0.        ],
       [0.05797101],
       [0.1884058 ],
       [0.98550725],
       [0.95652174],
       [0.89855072],
       [0.95652174],
       [0.86956522],
       [0.15942029],
       [0.15942029]]), array([[0.13043478],
       [0.11594203],
       [0.08695652],
       [0.01449275],
       [0.02898551],
       [0.05797101],
       [0.04347826],
       [0.11594203],
       [0.07246377],
       [0.01449275],
       [0.01449275],
       [0.05797101],
       [0.02898551],
       [0.        ],
       [0.05797101],
       [0.1884058 ],
       [0.98550725],
       [0.95652174],
       [0.89855072],
       [0.95652174],
       [0.86956522],
       [0.15942029],
       [0.15942029],
       [0.11594203]]), array([[0.11594203],
       [0.08695652],
       [0.01449275],
       [0.02898551],
       [0.05797101],
       [0.04347826],
       [0.11594203],
       [0.07246377],
       [0.01449275],
       [0.01449275],
       [0.05797101],
       [0.02898551],
       [0.        ],
       [0.05797101],
       [0.1884058 ],
       [0.98550725],
       [0.95652174],
       [0.89855072],
       [0.95652174],
       [0.86956522],
       [0.15942029],
       [0.15942029],
       [0.11594203],
       [0.04347826]]), array([[0.08695652],
       [0.01449275],
       [0.02898551],
       [0.05797101],
       [0.04347826],
       [0.11594203],
       [0.07246377],
       [0.01449275],
       [0.01449275],
       [0.05797101],
       [0.02898551],
       [0.        ],
       [0.05797101],
       [0.1884058 ],
       [0.98550725],
       [0.95652174],
       [0.89855072],
       [0.95652174],
       [0.86956522],
       [0.15942029],
       [0.15942029],
       [0.11594203],
       [0.04347826],
       [0.07246377]]), array([[0.01449275],
       [0.02898551],
       [0.05797101],
       [0.04347826],
       [0.11594203],
       [0.07246377],
       [0.01449275],
       [0.01449275],
       [0.05797101],
       [0.02898551],
       [0.        ],
       [0.05797101],
       [0.1884058 ],
       [0.98550725],
       [0.95652174],
       [0.89855072],
       [0.95652174],
       [0.86956522],
       [0.15942029],
       [0.15942029],
       [0.11594203],
       [0.04347826],
       [0.07246377],
       [0.07246377]]), array([[0.02898551],
       [0.05797101],
       [0.04347826],
       [0.11594203],
       [0.07246377],
       [0.01449275],
       [0.01449275],
       [0.05797101],
       [0.02898551],
       [0.        ],
       [0.05797101],
       [0.1884058 ],
       [0.98550725],
       [0.95652174],
       [0.89855072],
       [0.95652174],
       [0.86956522],
       [0.15942029],
       [0.15942029],
       [0.11594203],
       [0.04347826],
       [0.07246377],
       [0.07246377],
       [0.        ]]), array([[0.05797101],
       [0.04347826],
       [0.11594203],
       [0.07246377],
       [0.01449275],
       [0.01449275],
       [0.05797101],
       [0.02898551],
       [0.        ],
       [0.05797101],
       [0.1884058 ],
       [0.98550725],
       [0.95652174],
       [0.89855072],
       [0.95652174],
       [0.86956522],
       [0.15942029],
       [0.15942029],
       [0.11594203],
       [0.04347826],
       [0.07246377],
       [0.07246377],
       [0.        ],
       [0.08695652]]), array([[0.04347826],
       [0.11594203],
       [0.07246377],
       [0.01449275],
       [0.01449275],
       [0.05797101],
       [0.02898551],
       [0.        ],
       [0.05797101],
       [0.1884058 ],
       [0.98550725],
       [0.95652174],
       [0.89855072],
       [0.95652174],
       [0.86956522],
       [0.15942029],
       [0.15942029],
       [0.11594203],
       [0.04347826],
       [0.07246377],
       [0.07246377],
       [0.        ],
       [0.08695652],
       [0.02898551]]), array([[0.11594203],
       [0.07246377],
       [0.01449275],
       [0.01449275],
       [0.05797101],
       [0.02898551],
       [0.        ],
       [0.05797101],
       [0.1884058 ],
       [0.98550725],
       [0.95652174],
       [0.89855072],
       [0.95652174],
       [0.86956522],
       [0.15942029],
       [0.15942029],
       [0.11594203],
       [0.04347826],
       [0.07246377],
       [0.07246377],
       [0.        ],
       [0.08695652],
       [0.02898551],
       [0.07246377]]), array([[0.07246377],
       [0.01449275],
       [0.01449275],
       [0.05797101],
       [0.02898551],
       [0.        ],
       [0.05797101],
       [0.1884058 ],
       [0.98550725],
       [0.95652174],
       [0.89855072],
       [0.95652174],
       [0.86956522],
       [0.15942029],
       [0.15942029],
       [0.11594203],
       [0.04347826],
       [0.07246377],
       [0.07246377],
       [0.        ],
       [0.08695652],
       [0.02898551],
       [0.07246377],
       [0.        ]]), array([[0.01449275],
       [0.01449275],
       [0.05797101],
       [0.02898551],
       [0.        ],
       [0.05797101],
       [0.1884058 ],
       [0.98550725],
       [0.95652174],
       [0.89855072],
       [0.95652174],
       [0.86956522],
       [0.15942029],
       [0.15942029],
       [0.11594203],
       [0.04347826],
       [0.07246377],
       [0.07246377],
       [0.        ],
       [0.08695652],
       [0.02898551],
       [0.07246377],
       [0.        ],
       [0.10144928]]), array([[0.01449275],
       [0.05797101],
       [0.02898551],
       [0.        ],
       [0.05797101],
       [0.1884058 ],
       [0.98550725],
       [0.95652174],
       [0.89855072],
       [0.95652174],
       [0.86956522],
       [0.15942029],
       [0.15942029],
       [0.11594203],
       [0.04347826],
       [0.07246377],
       [0.07246377],
       [0.        ],
       [0.08695652],
       [0.02898551],
       [0.07246377],
       [0.        ],
       [0.10144928],
       [0.        ]]), array([[0.05797101],
       [0.02898551],
       [0.        ],
       [0.05797101],
       [0.1884058 ],
       [0.98550725],
       [0.95652174],
       [0.89855072],
       [0.95652174],
       [0.86956522],
       [0.15942029],
       [0.15942029],
       [0.11594203],
       [0.04347826],
       [0.07246377],
       [0.07246377],
       [0.        ],
       [0.08695652],
       [0.02898551],
       [0.07246377],
       [0.        ],
       [0.10144928],
       [0.        ],
       [0.10144928]]), array([[0.02898551],
       [0.        ],
       [0.05797101],
       [0.1884058 ],
       [0.98550725],
       [0.95652174],
       [0.89855072],
       [0.95652174],
       [0.86956522],
       [0.15942029],
       [0.15942029],
       [0.11594203],
       [0.04347826],
       [0.07246377],
       [0.07246377],
       [0.        ],
       [0.08695652],
       [0.02898551],
       [0.07246377],
       [0.        ],
       [0.10144928],
       [0.        ],
       [0.10144928],
       [0.01449275]]), array([[0.        ],
       [0.05797101],
       [0.1884058 ],
       [0.98550725],
       [0.95652174],
       [0.89855072],
       [0.95652174],
       [0.86956522],
       [0.15942029],
       [0.15942029],
       [0.11594203],
       [0.04347826],
       [0.07246377],
       [0.07246377],
       [0.        ],
       [0.08695652],
       [0.02898551],
       [0.07246377],
       [0.        ],
       [0.10144928],
       [0.        ],
       [0.10144928],
       [0.01449275],
       [0.05797101]]), array([[0.05797101],
       [0.1884058 ],
       [0.98550725],
       [0.95652174],
       [0.89855072],
       [0.95652174],
       [0.86956522],
       [0.15942029],
       [0.15942029],
       [0.11594203],
       [0.04347826],
       [0.07246377],
       [0.07246377],
       [0.        ],
       [0.08695652],
       [0.02898551],
       [0.07246377],
       [0.        ],
       [0.10144928],
       [0.        ],
       [0.10144928],
       [0.01449275],
       [0.05797101],
       [0.08695652]]), array([[0.1884058 ],
       [0.98550725],
       [0.95652174],
       [0.89855072],
       [0.95652174],
       [0.86956522],
       [0.15942029],
       [0.15942029],
       [0.11594203],
       [0.04347826],
       [0.07246377],
       [0.07246377],
       [0.        ],
       [0.08695652],
       [0.02898551],
       [0.07246377],
       [0.        ],
       [0.10144928],
       [0.        ],
       [0.10144928],
       [0.01449275],
       [0.05797101],
       [0.08695652],
       [0.08695652]]), array([[0.98550725],
       [0.95652174],
       [0.89855072],
       [0.95652174],
       [0.86956522],
       [0.15942029],
       [0.15942029],
       [0.11594203],
       [0.04347826],
       [0.07246377],
       [0.07246377],
       [0.        ],
       [0.08695652],
       [0.02898551],
       [0.07246377],
       [0.        ],
       [0.10144928],
       [0.        ],
       [0.10144928],
       [0.01449275],
       [0.05797101],
       [0.08695652],
       [0.08695652],
       [0.26086957]]), array([[0.95652174],
       [0.89855072],
       [0.95652174],
       [0.86956522],
       [0.15942029],
       [0.15942029],
       [0.11594203],
       [0.04347826],
       [0.07246377],
       [0.07246377],
       [0.        ],
       [0.08695652],
       [0.02898551],
       [0.07246377],
       [0.        ],
       [0.10144928],
       [0.        ],
       [0.10144928],
       [0.01449275],
       [0.05797101],
       [0.08695652],
       [0.08695652],
       [0.26086957],
       [0.86956522]]), array([[0.89855072],
       [0.95652174],
       [0.86956522],
       [0.15942029],
       [0.15942029],
       [0.11594203],
       [0.04347826],
       [0.07246377],
       [0.07246377],
       [0.        ],
       [0.08695652],
       [0.02898551],
       [0.07246377],
       [0.        ],
       [0.10144928],
       [0.        ],
       [0.10144928],
       [0.01449275],
       [0.05797101],
       [0.08695652],
       [0.08695652],
       [0.26086957],
       [0.86956522],
       [0.95652174]]), array([[0.95652174],
       [0.86956522],
       [0.15942029],
       [0.15942029],
       [0.11594203],
       [0.04347826],
       [0.07246377],
       [0.07246377],
       [0.        ],
       [0.08695652],
       [0.02898551],
       [0.07246377],
       [0.        ],
       [0.10144928],
       [0.        ],
       [0.10144928],
       [0.01449275],
       [0.05797101],
       [0.08695652],
       [0.08695652],
       [0.26086957],
       [0.86956522],
       [0.95652174],
       [0.95652174]]), array([[0.86956522],
       [0.15942029],
       [0.15942029],
       [0.11594203],
       [0.04347826],
       [0.07246377],
       [0.07246377],
       [0.        ],
       [0.08695652],
       [0.02898551],
       [0.07246377],
       [0.        ],
       [0.10144928],
       [0.        ],
       [0.10144928],
       [0.01449275],
       [0.05797101],
       [0.08695652],
       [0.08695652],
       [0.26086957],
       [0.86956522],
       [0.95652174],
       [0.95652174],
       [0.95652174]]), array([[0.15942029],
       [0.15942029],
       [0.11594203],
       [0.04347826],
       [0.07246377],
       [0.07246377],
       [0.        ],
       [0.08695652],
       [0.02898551],
       [0.07246377],
       [0.        ],
       [0.10144928],
       [0.        ],
       [0.10144928],
       [0.01449275],
       [0.05797101],
       [0.08695652],
       [0.08695652],
       [0.26086957],
       [0.86956522],
       [0.95652174],
       [0.95652174],
       [0.95652174],
       [0.98550725]]), array([[0.15942029],
       [0.11594203],
       [0.04347826],
       [0.07246377],
       [0.07246377],
       [0.        ],
       [0.08695652],
       [0.02898551],
       [0.07246377],
       [0.        ],
       [0.10144928],
       [0.        ],
       [0.10144928],
       [0.01449275],
       [0.05797101],
       [0.08695652],
       [0.08695652],
       [0.26086957],
       [0.86956522],
       [0.95652174],
       [0.95652174],
       [0.95652174],
       [0.98550725],
       [0.2173913 ]]), array([[0.11594203],
       [0.04347826],
       [0.07246377],
       [0.07246377],
       [0.        ],
       [0.08695652],
       [0.02898551],
       [0.07246377],
       [0.        ],
       [0.10144928],
       [0.        ],
       [0.10144928],
       [0.01449275],
       [0.05797101],
       [0.08695652],
       [0.08695652],
       [0.26086957],
       [0.86956522],
       [0.95652174],
       [0.95652174],
       [0.95652174],
       [0.98550725],
       [0.2173913 ],
       [0.26086957]]), array([[0.04347826],
       [0.07246377],
       [0.07246377],
       [0.        ],
       [0.08695652],
       [0.02898551],
       [0.07246377],
       [0.        ],
       [0.10144928],
       [0.        ],
       [0.10144928],
       [0.01449275],
       [0.05797101],
       [0.08695652],
       [0.08695652],
       [0.26086957],
       [0.86956522],
       [0.95652174],
       [0.95652174],
       [0.95652174],
       [0.98550725],
       [0.2173913 ],
       [0.26086957],
       [0.07246377]]), array([[0.07246377],
       [0.07246377],
       [0.        ],
       [0.08695652],
       [0.02898551],
       [0.07246377],
       [0.        ],
       [0.10144928],
       [0.        ],
       [0.10144928],
       [0.01449275],
       [0.05797101],
       [0.08695652],
       [0.08695652],
       [0.26086957],
       [0.86956522],
       [0.95652174],
       [0.95652174],
       [0.95652174],
       [0.98550725],
       [0.2173913 ],
       [0.26086957],
       [0.07246377],
       [0.05797101]]), array([[0.07246377],
       [0.        ],
       [0.08695652],
       [0.02898551],
       [0.07246377],
       [0.        ],
       [0.10144928],
       [0.        ],
       [0.10144928],
       [0.01449275],
       [0.05797101],
       [0.08695652],
       [0.08695652],
       [0.26086957],
       [0.86956522],
       [0.95652174],
       [0.95652174],
       [0.95652174],
       [0.98550725],
       [0.2173913 ],
       [0.26086957],
       [0.07246377],
       [0.05797101],
       [0.07246377]]), array([[0.        ],
       [0.08695652],
       [0.02898551],
       [0.07246377],
       [0.        ],
       [0.10144928],
       [0.        ],
       [0.10144928],
       [0.01449275],
       [0.05797101],
       [0.08695652],
       [0.08695652],
       [0.26086957],
       [0.86956522],
       [0.95652174],
       [0.95652174],
       [0.95652174],
       [0.98550725],
       [0.2173913 ],
       [0.26086957],
       [0.07246377],
       [0.05797101],
       [0.07246377],
       [0.04347826]]), array([[0.08695652],
       [0.02898551],
       [0.07246377],
       [0.        ],
       [0.10144928],
       [0.        ],
       [0.10144928],
       [0.01449275],
       [0.05797101],
       [0.08695652],
       [0.08695652],
       [0.26086957],
       [0.86956522],
       [0.95652174],
       [0.95652174],
       [0.95652174],
       [0.98550725],
       [0.2173913 ],
       [0.26086957],
       [0.07246377],
       [0.05797101],
       [0.07246377],
       [0.04347826],
       [0.08695652]]), array([[0.02898551],
       [0.07246377],
       [0.        ],
       [0.10144928],
       [0.        ],
       [0.10144928],
       [0.01449275],
       [0.05797101],
       [0.08695652],
       [0.08695652],
       [0.26086957],
       [0.86956522],
       [0.95652174],
       [0.95652174],
       [0.95652174],
       [0.98550725],
       [0.2173913 ],
       [0.26086957],
       [0.07246377],
       [0.05797101],
       [0.07246377],
       [0.04347826],
       [0.08695652],
       [0.07246377]]), array([[0.07246377],
       [0.        ],
       [0.10144928],
       [0.        ],
       [0.10144928],
       [0.01449275],
       [0.05797101],
       [0.08695652],
       [0.08695652],
       [0.26086957],
       [0.86956522],
       [0.95652174],
       [0.95652174],
       [0.95652174],
       [0.98550725],
       [0.2173913 ],
       [0.26086957],
       [0.07246377],
       [0.05797101],
       [0.07246377],
       [0.04347826],
       [0.08695652],
       [0.07246377],
       [0.10144928]])]


y
[array([0.08695652]), array([0.01449275]), array([0.01449275]), array([0.08695652]), array([0.01449275]), array([0.08695652]), array([0.13043478]), array([0.04347826]), array([0.14492754]), array([0.88405797]), array([0.88405797]), array([0.91304348]), array([0.92753623]), array([0.88405797]), array([0.27536232]), array([0.26086957]), array([0.10144928]), array([0.07246377]), array([0.04347826]), array([0.11594203]), array([0.13043478]), array([0.]), array([0.07246377]), array([0.02898551]), array([0.05797101]), array([0.08695652]), array([0.]), array([0.11594203]), array([0.08695652]), array([0.02898551]), array([0.07246377]), array([0.10144928]), array([0.20289855]), array([0.91304348]), array([0.97101449]), array([0.98550725]), array([0.91304348]), array([0.95652174]), array([0.27536232]), array([0.24637681]), array([0.10144928]), array([0.13043478]), array([0.]), array([0.01449275]), array([0.08695652]), array([0.]), array([0.]), array([0.02898551]), array([0.]), array([0.11594203]), array([0.08695652]), array([0.07246377]), array([0.04347826]), array([0.05797101]), array([0.07246377]), array([0.08695652]), array([0.20289855]), array([0.92753623]), array([0.89855072]), array([0.89855072]), array([0.91304348]), array([0.86956522]), array([0.24637681]), array([0.23188406]), array([0.]), array([0.02898551]), array([0.13043478]), array([0.11594203]), array([0.07246377]), array([0.]), array([0.07246377]), array([0.05797101]), array([0.05797101]), array([0.08695652]), array([0.07246377]), array([0.04347826]), array([0.05797101]), array([0.13043478]), array([0.11594203]), array([0.10144928]), array([0.20289855]), array([1.]), array([0.88405797]), array([0.94202899]), array([0.92753623]), array([0.92753623]), array([0.17391304]), array([0.15942029]), array([0.08695652]), array([0.13043478]), array([0.11594203]), array([0.08695652]), array([0.01449275]), array([0.02898551]), array([0.05797101]), array([0.04347826]), array([0.11594203]), array([0.07246377]), array([0.01449275]), array([0.01449275]), array([0.05797101]), array([0.02898551]), array([0.]), array([0.05797101]), array([0.1884058]), array([0.98550725]), array([0.95652174]), array([0.89855072]), array([0.95652174]), array([0.86956522]), array([0.15942029]), array([0.15942029]), array([0.11594203]), array([0.04347826]), array([0.07246377]), array([0.07246377]), array([0.]), array([0.08695652]), array([0.02898551]), array([0.07246377]), array([0.]), array([0.10144928]), array([0.]), array([0.10144928]), array([0.01449275]), array([0.05797101]), array([0.08695652]), array([0.08695652]), array([0.26086957]), array([0.86956522]), array([0.95652174]), array([0.95652174]), array([0.95652174]), array([0.98550725]), array([0.2173913]), array([0.26086957]), array([0.07246377]), array([0.05797101]), array([0.07246377]), array([0.04347826]), array([0.08695652]), array([0.07246377]), array([0.10144928]), array([0.01449275])]


X
[[[0.02898551]
  [0.04347826]
  [0.        ]
  ...
  [0.01449275]
  [0.01449275]
  [0.10144928]]

 [[0.04347826]
  [0.        ]
  [0.10144928]
  ...
  [0.01449275]
  [0.10144928]
  [0.08695652]]

 [[0.        ]
  [0.10144928]
  [0.01449275]
  ...
  [0.10144928]
  [0.08695652]
  [0.01449275]]

 ...

 [[0.08695652]
  [0.02898551]
  [0.07246377]
  ...
  [0.07246377]
  [0.04347826]
  [0.08695652]]

 [[0.02898551]
  [0.07246377]
  [0.        ]
  ...
  [0.04347826]
  [0.08695652]
  [0.07246377]]

 [[0.07246377]
  [0.        ]
  [0.10144928]
  ...
  [0.08695652]
  [0.07246377]
  [0.10144928]]]


y
[[0.08695652]
 [0.01449275]
 [0.01449275]
 [0.08695652]
 [0.01449275]
 [0.08695652]
 [0.13043478]
 [0.04347826]
 [0.14492754]
 [0.88405797]
 [0.88405797]
 [0.91304348]
 [0.92753623]
 [0.88405797]
 [0.27536232]
 [0.26086957]
 [0.10144928]
 [0.07246377]
 [0.04347826]
 [0.11594203]
 [0.13043478]
 [0.        ]
 [0.07246377]
 [0.02898551]
 [0.05797101]
 [0.08695652]
 [0.        ]
 [0.11594203]
 [0.08695652]
 [0.02898551]
 [0.07246377]
 [0.10144928]
 [0.20289855]
 [0.91304348]
 [0.97101449]
 [0.98550725]
 [0.91304348]
 [0.95652174]
 [0.27536232]
 [0.24637681]
 [0.10144928]
 [0.13043478]
 [0.        ]
 [0.01449275]
 [0.08695652]
 [0.        ]
 [0.        ]
 [0.02898551]
 [0.        ]
 [0.11594203]
 [0.08695652]
 [0.07246377]
 [0.04347826]
 [0.05797101]
 [0.07246377]
 [0.08695652]
 [0.20289855]
 [0.92753623]
 [0.89855072]
 [0.89855072]
 [0.91304348]
 [0.86956522]
 [0.24637681]
 [0.23188406]
 [0.        ]
 [0.02898551]
 [0.13043478]
 [0.11594203]
 [0.07246377]
 [0.        ]
 [0.07246377]
 [0.05797101]
 [0.05797101]
 [0.08695652]
 [0.07246377]
 [0.04347826]
 [0.05797101]
 [0.13043478]
 [0.11594203]
 [0.10144928]
 [0.20289855]
 [1.        ]
 [0.88405797]
 [0.94202899]
 [0.92753623]
 [0.92753623]
 [0.17391304]
 [0.15942029]
 [0.08695652]
 [0.13043478]
 [0.11594203]
 [0.08695652]
 [0.01449275]
 [0.02898551]
 [0.05797101]
 [0.04347826]
 [0.11594203]
 [0.07246377]
 [0.01449275]
 [0.01449275]
 [0.05797101]
 [0.02898551]
 [0.        ]
 [0.05797101]
 [0.1884058 ]
 [0.98550725]
 [0.95652174]
 [0.89855072]
 [0.95652174]
 [0.86956522]
 [0.15942029]
 [0.15942029]
 [0.11594203]
 [0.04347826]
 [0.07246377]
 [0.07246377]
 [0.        ]
 [0.08695652]
 [0.02898551]
 [0.07246377]
 [0.        ]
 [0.10144928]
 [0.        ]
 [0.10144928]
 [0.01449275]
 [0.05797101]
 [0.08695652]
 [0.08695652]
 [0.26086957]
 [0.86956522]
 [0.95652174]
 [0.95652174]
 [0.95652174]
 [0.98550725]
 [0.2173913 ]
 [0.26086957]
 [0.07246377]
 [0.05797101]
 [0.07246377]
 [0.04347826]
 [0.08695652]
 [0.07246377]
 [0.10144928]
 [0.01449275]]


X_train
[[[0.02898551]
  [0.04347826]
  [0.        ]
  ...
  [0.01449275]
  [0.01449275]
  [0.10144928]]

 [[0.04347826]
  [0.        ]
  [0.10144928]
  ...
  [0.01449275]
  [0.10144928]
  [0.08695652]]

 [[0.        ]
  [0.10144928]
  [0.01449275]
  ...
  [0.10144928]
  [0.08695652]
  [0.01449275]]

 ...

 [[0.08695652]
  [0.13043478]
  [0.11594203]
  ...
  [0.86956522]
  [0.15942029]
  [0.15942029]]

 [[0.13043478]
  [0.11594203]
  [0.08695652]
  ...
  [0.15942029]
  [0.15942029]
  [0.11594203]]

 [[0.11594203]
  [0.08695652]
  [0.01449275]
  ...
  [0.15942029]
  [0.11594203]
  [0.04347826]]]


X_test
[[[0.08695652]
  [0.01449275]
  [0.02898551]
  [0.05797101]
  [0.04347826]
  [0.11594203]
  [0.07246377]
  [0.01449275]
  [0.01449275]
  [0.05797101]
  [0.02898551]
  [0.        ]
  [0.05797101]
  [0.1884058 ]
  [0.98550725]
  [0.95652174]
  [0.89855072]
  [0.95652174]
  [0.86956522]
  [0.15942029]
  [0.15942029]
  [0.11594203]
  [0.04347826]
  [0.07246377]]

 [[0.01449275]
  [0.02898551]
  [0.05797101]
  [0.04347826]
  [0.11594203]
  [0.07246377]
  [0.01449275]
  [0.01449275]
  [0.05797101]
  [0.02898551]
  [0.        ]
  [0.05797101]
  [0.1884058 ]
  [0.98550725]
  [0.95652174]
  [0.89855072]
  [0.95652174]
  [0.86956522]
  [0.15942029]
  [0.15942029]
  [0.11594203]
  [0.04347826]
  [0.07246377]
  [0.07246377]]

 [[0.02898551]
  [0.05797101]
  [0.04347826]
  [0.11594203]
  [0.07246377]
  [0.01449275]
  [0.01449275]
  [0.05797101]
  [0.02898551]
  [0.        ]
  [0.05797101]
  [0.1884058 ]
  [0.98550725]
  [0.95652174]
  [0.89855072]
  [0.95652174]
  [0.86956522]
  [0.15942029]
  [0.15942029]
  [0.11594203]
  [0.04347826]
  [0.07246377]
  [0.07246377]
  [0.        ]]

 [[0.05797101]
  [0.04347826]
  [0.11594203]
  [0.07246377]
  [0.01449275]
  [0.01449275]
  [0.05797101]
  [0.02898551]
  [0.        ]
  [0.05797101]
  [0.1884058 ]
  [0.98550725]
  [0.95652174]
  [0.89855072]
  [0.95652174]
  [0.86956522]
  [0.15942029]
  [0.15942029]
  [0.11594203]
  [0.04347826]
  [0.07246377]
  [0.07246377]
  [0.        ]
  [0.08695652]]

 [[0.04347826]
  [0.11594203]
  [0.07246377]
  [0.01449275]
  [0.01449275]
  [0.05797101]
  [0.02898551]
  [0.        ]
  [0.05797101]
  [0.1884058 ]
  [0.98550725]
  [0.95652174]
  [0.89855072]
  [0.95652174]
  [0.86956522]
  [0.15942029]
  [0.15942029]
  [0.11594203]
  [0.04347826]
  [0.07246377]
  [0.07246377]
  [0.        ]
  [0.08695652]
  [0.02898551]]

 [[0.11594203]
  [0.07246377]
  [0.01449275]
  [0.01449275]
  [0.05797101]
  [0.02898551]
  [0.        ]
  [0.05797101]
  [0.1884058 ]
  [0.98550725]
  [0.95652174]
  [0.89855072]
  [0.95652174]
  [0.86956522]
  [0.15942029]
  [0.15942029]
  [0.11594203]
  [0.04347826]
  [0.07246377]
  [0.07246377]
  [0.        ]
  [0.08695652]
  [0.02898551]
  [0.07246377]]

 [[0.07246377]
  [0.01449275]
  [0.01449275]
  [0.05797101]
  [0.02898551]
  [0.        ]
  [0.05797101]
  [0.1884058 ]
  [0.98550725]
  [0.95652174]
  [0.89855072]
  [0.95652174]
  [0.86956522]
  [0.15942029]
  [0.15942029]
  [0.11594203]
  [0.04347826]
  [0.07246377]
  [0.07246377]
  [0.        ]
  [0.08695652]
  [0.02898551]
  [0.07246377]
  [0.        ]]

 [[0.01449275]
  [0.01449275]
  [0.05797101]
  [0.02898551]
  [0.        ]
  [0.05797101]
  [0.1884058 ]
  [0.98550725]
  [0.95652174]
  [0.89855072]
  [0.95652174]
  [0.86956522]
  [0.15942029]
  [0.15942029]
  [0.11594203]
  [0.04347826]
  [0.07246377]
  [0.07246377]
  [0.        ]
  [0.08695652]
  [0.02898551]
  [0.07246377]
  [0.        ]
  [0.10144928]]

 [[0.01449275]
  [0.05797101]
  [0.02898551]
  [0.        ]
  [0.05797101]
  [0.1884058 ]
  [0.98550725]
  [0.95652174]
  [0.89855072]
  [0.95652174]
  [0.86956522]
  [0.15942029]
  [0.15942029]
  [0.11594203]
  [0.04347826]
  [0.07246377]
  [0.07246377]
  [0.        ]
  [0.08695652]
  [0.02898551]
  [0.07246377]
  [0.        ]
  [0.10144928]
  [0.        ]]

 [[0.05797101]
  [0.02898551]
  [0.        ]
  [0.05797101]
  [0.1884058 ]
  [0.98550725]
  [0.95652174]
  [0.89855072]
  [0.95652174]
  [0.86956522]
  [0.15942029]
  [0.15942029]
  [0.11594203]
  [0.04347826]
  [0.07246377]
  [0.07246377]
  [0.        ]
  [0.08695652]
  [0.02898551]
  [0.07246377]
  [0.        ]
  [0.10144928]
  [0.        ]
  [0.10144928]]

 [[0.02898551]
  [0.        ]
  [0.05797101]
  [0.1884058 ]
  [0.98550725]
  [0.95652174]
  [0.89855072]
  [0.95652174]
  [0.86956522]
  [0.15942029]
  [0.15942029]
  [0.11594203]
  [0.04347826]
  [0.07246377]
  [0.07246377]
  [0.        ]
  [0.08695652]
  [0.02898551]
  [0.07246377]
  [0.        ]
  [0.10144928]
  [0.        ]
  [0.10144928]
  [0.01449275]]

 [[0.        ]
  [0.05797101]
  [0.1884058 ]
  [0.98550725]
  [0.95652174]
  [0.89855072]
  [0.95652174]
  [0.86956522]
  [0.15942029]
  [0.15942029]
  [0.11594203]
  [0.04347826]
  [0.07246377]
  [0.07246377]
  [0.        ]
  [0.08695652]
  [0.02898551]
  [0.07246377]
  [0.        ]
  [0.10144928]
  [0.        ]
  [0.10144928]
  [0.01449275]
  [0.05797101]]

 [[0.05797101]
  [0.1884058 ]
  [0.98550725]
  [0.95652174]
  [0.89855072]
  [0.95652174]
  [0.86956522]
  [0.15942029]
  [0.15942029]
  [0.11594203]
  [0.04347826]
  [0.07246377]
  [0.07246377]
  [0.        ]
  [0.08695652]
  [0.02898551]
  [0.07246377]
  [0.        ]
  [0.10144928]
  [0.        ]
  [0.10144928]
  [0.01449275]
  [0.05797101]
  [0.08695652]]

 [[0.1884058 ]
  [0.98550725]
  [0.95652174]
  [0.89855072]
  [0.95652174]
  [0.86956522]
  [0.15942029]
  [0.15942029]
  [0.11594203]
  [0.04347826]
  [0.07246377]
  [0.07246377]
  [0.        ]
  [0.08695652]
  [0.02898551]
  [0.07246377]
  [0.        ]
  [0.10144928]
  [0.        ]
  [0.10144928]
  [0.01449275]
  [0.05797101]
  [0.08695652]
  [0.08695652]]

 [[0.98550725]
  [0.95652174]
  [0.89855072]
  [0.95652174]
  [0.86956522]
  [0.15942029]
  [0.15942029]
  [0.11594203]
  [0.04347826]
  [0.07246377]
  [0.07246377]
  [0.        ]
  [0.08695652]
  [0.02898551]
  [0.07246377]
  [0.        ]
  [0.10144928]
  [0.        ]
  [0.10144928]
  [0.01449275]
  [0.05797101]
  [0.08695652]
  [0.08695652]
  [0.26086957]]

 [[0.95652174]
  [0.89855072]
  [0.95652174]
  [0.86956522]
  [0.15942029]
  [0.15942029]
  [0.11594203]
  [0.04347826]
  [0.07246377]
  [0.07246377]
  [0.        ]
  [0.08695652]
  [0.02898551]
  [0.07246377]
  [0.        ]
  [0.10144928]
  [0.        ]
  [0.10144928]
  [0.01449275]
  [0.05797101]
  [0.08695652]
  [0.08695652]
  [0.26086957]
  [0.86956522]]

 [[0.89855072]
  [0.95652174]
  [0.86956522]
  [0.15942029]
  [0.15942029]
  [0.11594203]
  [0.04347826]
  [0.07246377]
  [0.07246377]
  [0.        ]
  [0.08695652]
  [0.02898551]
  [0.07246377]
  [0.        ]
  [0.10144928]
  [0.        ]
  [0.10144928]
  [0.01449275]
  [0.05797101]
  [0.08695652]
  [0.08695652]
  [0.26086957]
  [0.86956522]
  [0.95652174]]

 [[0.95652174]
  [0.86956522]
  [0.15942029]
  [0.15942029]
  [0.11594203]
  [0.04347826]
  [0.07246377]
  [0.07246377]
  [0.        ]
  [0.08695652]
  [0.02898551]
  [0.07246377]
  [0.        ]
  [0.10144928]
  [0.        ]
  [0.10144928]
  [0.01449275]
  [0.05797101]
  [0.08695652]
  [0.08695652]
  [0.26086957]
  [0.86956522]
  [0.95652174]
  [0.95652174]]

 [[0.86956522]
  [0.15942029]
  [0.15942029]
  [0.11594203]
  [0.04347826]
  [0.07246377]
  [0.07246377]
  [0.        ]
  [0.08695652]
  [0.02898551]
  [0.07246377]
  [0.        ]
  [0.10144928]
  [0.        ]
  [0.10144928]
  [0.01449275]
  [0.05797101]
  [0.08695652]
  [0.08695652]
  [0.26086957]
  [0.86956522]
  [0.95652174]
  [0.95652174]
  [0.95652174]]

 [[0.15942029]
  [0.15942029]
  [0.11594203]
  [0.04347826]
  [0.07246377]
  [0.07246377]
  [0.        ]
  [0.08695652]
  [0.02898551]
  [0.07246377]
  [0.        ]
  [0.10144928]
  [0.        ]
  [0.10144928]
  [0.01449275]
  [0.05797101]
  [0.08695652]
  [0.08695652]
  [0.26086957]
  [0.86956522]
  [0.95652174]
  [0.95652174]
  [0.95652174]
  [0.98550725]]

 [[0.15942029]
  [0.11594203]
  [0.04347826]
  [0.07246377]
  [0.07246377]
  [0.        ]
  [0.08695652]
  [0.02898551]
  [0.07246377]
  [0.        ]
  [0.10144928]
  [0.        ]
  [0.10144928]
  [0.01449275]
  [0.05797101]
  [0.08695652]
  [0.08695652]
  [0.26086957]
  [0.86956522]
  [0.95652174]
  [0.95652174]
  [0.95652174]
  [0.98550725]
  [0.2173913 ]]

 [[0.11594203]
  [0.04347826]
  [0.07246377]
  [0.07246377]
  [0.        ]
  [0.08695652]
  [0.02898551]
  [0.07246377]
  [0.        ]
  [0.10144928]
  [0.        ]
  [0.10144928]
  [0.01449275]
  [0.05797101]
  [0.08695652]
  [0.08695652]
  [0.26086957]
  [0.86956522]
  [0.95652174]
  [0.95652174]
  [0.95652174]
  [0.98550725]
  [0.2173913 ]
  [0.26086957]]

 [[0.04347826]
  [0.07246377]
  [0.07246377]
  [0.        ]
  [0.08695652]
  [0.02898551]
  [0.07246377]
  [0.        ]
  [0.10144928]
  [0.        ]
  [0.10144928]
  [0.01449275]
  [0.05797101]
  [0.08695652]
  [0.08695652]
  [0.26086957]
  [0.86956522]
  [0.95652174]
  [0.95652174]
  [0.95652174]
  [0.98550725]
  [0.2173913 ]
  [0.26086957]
  [0.07246377]]

 [[0.07246377]
  [0.07246377]
  [0.        ]
  [0.08695652]
  [0.02898551]
  [0.07246377]
  [0.        ]
  [0.10144928]
  [0.        ]
  [0.10144928]
  [0.01449275]
  [0.05797101]
  [0.08695652]
  [0.08695652]
  [0.26086957]
  [0.86956522]
  [0.95652174]
  [0.95652174]
  [0.95652174]
  [0.98550725]
  [0.2173913 ]
  [0.26086957]
  [0.07246377]
  [0.05797101]]

 [[0.07246377]
  [0.        ]
  [0.08695652]
  [0.02898551]
  [0.07246377]
  [0.        ]
  [0.10144928]
  [0.        ]
  [0.10144928]
  [0.01449275]
  [0.05797101]
  [0.08695652]
  [0.08695652]
  [0.26086957]
  [0.86956522]
  [0.95652174]
  [0.95652174]
  [0.95652174]
  [0.98550725]
  [0.2173913 ]
  [0.26086957]
  [0.07246377]
  [0.05797101]
  [0.07246377]]

 [[0.        ]
  [0.08695652]
  [0.02898551]
  [0.07246377]
  [0.        ]
  [0.10144928]
  [0.        ]
  [0.10144928]
  [0.01449275]
  [0.05797101]
  [0.08695652]
  [0.08695652]
  [0.26086957]
  [0.86956522]
  [0.95652174]
  [0.95652174]
  [0.95652174]
  [0.98550725]
  [0.2173913 ]
  [0.26086957]
  [0.07246377]
  [0.05797101]
  [0.07246377]
  [0.04347826]]

 [[0.08695652]
  [0.02898551]
  [0.07246377]
  [0.        ]
  [0.10144928]
  [0.        ]
  [0.10144928]
  [0.01449275]
  [0.05797101]
  [0.08695652]
  [0.08695652]
  [0.26086957]
  [0.86956522]
  [0.95652174]
  [0.95652174]
  [0.95652174]
  [0.98550725]
  [0.2173913 ]
  [0.26086957]
  [0.07246377]
  [0.05797101]
  [0.07246377]
  [0.04347826]
  [0.08695652]]

 [[0.02898551]
  [0.07246377]
  [0.        ]
  [0.10144928]
  [0.        ]
  [0.10144928]
  [0.01449275]
  [0.05797101]
  [0.08695652]
  [0.08695652]
  [0.26086957]
  [0.86956522]
  [0.95652174]
  [0.95652174]
  [0.95652174]
  [0.98550725]
  [0.2173913 ]
  [0.26086957]
  [0.07246377]
  [0.05797101]
  [0.07246377]
  [0.04347826]
  [0.08695652]
  [0.07246377]]

 [[0.07246377]
  [0.        ]
  [0.10144928]
  [0.        ]
  [0.10144928]
  [0.01449275]
  [0.05797101]
  [0.08695652]
  [0.08695652]
  [0.26086957]
  [0.86956522]
  [0.95652174]
  [0.95652174]
  [0.95652174]
  [0.98550725]
  [0.2173913 ]
  [0.26086957]
  [0.07246377]
  [0.05797101]
  [0.07246377]
  [0.04347826]
  [0.08695652]
  [0.07246377]
  [0.10144928]]]


y_train
[[0.08695652]
 [0.01449275]
 [0.01449275]
 [0.08695652]
 [0.01449275]
 [0.08695652]
 [0.13043478]
 [0.04347826]
 [0.14492754]
 [0.88405797]
 [0.88405797]
 [0.91304348]
 [0.92753623]
 [0.88405797]
 [0.27536232]
 [0.26086957]
 [0.10144928]
 [0.07246377]
 [0.04347826]
 [0.11594203]
 [0.13043478]
 [0.        ]
 [0.07246377]
 [0.02898551]
 [0.05797101]
 [0.08695652]
 [0.        ]
 [0.11594203]
 [0.08695652]
 [0.02898551]
 [0.07246377]
 [0.10144928]
 [0.20289855]
 [0.91304348]
 [0.97101449]
 [0.98550725]
 [0.91304348]
 [0.95652174]
 [0.27536232]
 [0.24637681]
 [0.10144928]
 [0.13043478]
 [0.        ]
 [0.01449275]
 [0.08695652]
 [0.        ]
 [0.        ]
 [0.02898551]
 [0.        ]
 [0.11594203]
 [0.08695652]
 [0.07246377]
 [0.04347826]
 [0.05797101]
 [0.07246377]
 [0.08695652]
 [0.20289855]
 [0.92753623]
 [0.89855072]
 [0.89855072]
 [0.91304348]
 [0.86956522]
 [0.24637681]
 [0.23188406]
 [0.        ]
 [0.02898551]
 [0.13043478]
 [0.11594203]
 [0.07246377]
 [0.        ]
 [0.07246377]
 [0.05797101]
 [0.05797101]
 [0.08695652]
 [0.07246377]
 [0.04347826]
 [0.05797101]
 [0.13043478]
 [0.11594203]
 [0.10144928]
 [0.20289855]
 [1.        ]
 [0.88405797]
 [0.94202899]
 [0.92753623]
 [0.92753623]
 [0.17391304]
 [0.15942029]
 [0.08695652]
 [0.13043478]
 [0.11594203]
 [0.08695652]
 [0.01449275]
 [0.02898551]
 [0.05797101]
 [0.04347826]
 [0.11594203]
 [0.07246377]
 [0.01449275]
 [0.01449275]
 [0.05797101]
 [0.02898551]
 [0.        ]
 [0.05797101]
 [0.1884058 ]
 [0.98550725]
 [0.95652174]
 [0.89855072]
 [0.95652174]
 [0.86956522]
 [0.15942029]
 [0.15942029]
 [0.11594203]
 [0.04347826]
 [0.07246377]]


y_test
[[0.07246377]
 [0.        ]
 [0.08695652]
 [0.02898551]
 [0.07246377]
 [0.        ]
 [0.10144928]
 [0.        ]
 [0.10144928]
 [0.01449275]
 [0.05797101]
 [0.08695652]
 [0.08695652]
 [0.26086957]
 [0.86956522]
 [0.95652174]
 [0.95652174]
 [0.95652174]
 [0.98550725]
 [0.2173913 ]
 [0.26086957]
 [0.07246377]
 [0.05797101]
 [0.07246377]
 [0.04347826]
 [0.08695652]
 [0.07246377]
 [0.10144928]
 [0.01449275]]


last_values
[[0.        ]
 [0.10144928]
 [0.        ]
 [0.10144928]
 [0.01449275]
 [0.05797101]
 [0.08695652]
 [0.08695652]
 [0.26086957]
 [0.86956522]
 [0.95652174]
 [0.95652174]
 [0.95652174]
 [0.98550725]
 [0.2173913 ]
 [0.26086957]
 [0.07246377]
 [0.05797101]
 [0.07246377]
 [0.04347826]
 [0.08695652]
 [0.07246377]
 [0.10144928]
 [0.01449275]]


next_week_predictions
[-0.0653975  -0.0426371  -0.01358711  0.03305554  0.09074548  0.16884665
  0.2635268   0.3757205   0.50617284  0.6434064   0.7404625   0.77418315
  0.7259634   0.5990479   0.42017505  0.31886682  0.21153162  0.12911457
  0.05938432  0.00256308 -0.03774985 -0.06589253 -0.07902129 -0.07968335]


next_week_predictions_rescaled
[[15.487573]
 [17.05804 ]
 [19.062489]
 [22.280832]
 [26.261436]
 [31.65042 ]
 [38.18335 ]
 [45.924713]
 [54.925926]
 [64.39504 ]
 [71.09191 ]
 [73.41864 ]
 [70.09148 ]
 [61.334305]
 [48.99208 ]
 [42.001812]
 [34.595684]
 [28.908905]
 [24.097519]
 [20.176853]
 [17.395262]
 [15.453416]
 [14.547531]
 [14.501849]]


future_dates
DatetimeIndex(['2024-01-08 00:00:00', '2024-01-08 01:00:00',
               '2024-01-08 02:00:00', '2024-01-08 03:00:00',
               '2024-01-08 04:00:00', '2024-01-08 05:00:00',
               '2024-01-08 06:00:00', '2024-01-08 07:00:00',
               '2024-01-08 08:00:00', '2024-01-08 09:00:00',
               '2024-01-08 10:00:00', '2024-01-08 11:00:00',
               '2024-01-08 12:00:00', '2024-01-08 13:00:00',
               '2024-01-08 14:00:00', '2024-01-08 15:00:00',
               '2024-01-08 16:00:00', '2024-01-08 17:00:00',
               '2024-01-08 18:00:00', '2024-01-08 19:00:00',
               '2024-01-08 20:00:00', '2024-01-08 21:00:00',
               '2024-01-08 22:00:00', '2024-01-08 23:00:00'],
              dtype='datetime64[ns]', freq='h')


predicted_cpu_data
              DateTime  Predicted_CPU_Usage
0  2024-01-08 00:00:00            15.487573
1  2024-01-08 01:00:00            17.058041
2  2024-01-08 02:00:00            19.062489
3  2024-01-08 03:00:00            22.280832
4  2024-01-08 04:00:00            26.261436
5  2024-01-08 05:00:00            31.650419
6  2024-01-08 06:00:00            38.183350
7  2024-01-08 07:00:00            45.924713
8  2024-01-08 08:00:00            54.925926
9  2024-01-08 09:00:00            64.395042
10 2024-01-08 10:00:00            71.091911
11 2024-01-08 11:00:00            73.418640
12 2024-01-08 12:00:00            70.091476
13 2024-01-08 13:00:00            61.334305
14 2024-01-08 14:00:00            48.992081
15 2024-01-08 15:00:00            42.001812
16 2024-01-08 16:00:00            34.595684
17 2024-01-08 17:00:00            28.908905
18 2024-01-08 18:00:00            24.097519
19 2024-01-08 19:00:00            20.176853
20 2024-01-08 20:00:00            17.395262
21 2024-01-08 21:00:00            15.453416
22 2024-01-08 22:00:00            14.547531
23 2024-01-08 23:00:00            14.501849


